# seconds,temp_c,pressure_mbar,temp_from_pressure_c,depth_m,altitude_m,analog_0,analog_1,analog_2,analog_3
0.00,23.76,1039.50,24.89,0.26,-216.17,763,278,295,148
1.37,23.73,1039.70,24.88,0.26,-217.79,766,278,230,149
2.45,23.71,1039.70,24.88,0.26,-217.79,767,266,276,156
3.52,23.67,1039.20,24.87,0.26,-213.72,785,267,291,147
4.60,23.65,1039.30,24.87,0.26,-214.54,784,266,276,154
5.68,23.62,1038.80,24.86,0.26,-210.46,766,282,225,140
6.76,23.61,1039.40,24.86,0.26,-215.35,768,279,284,157
7.85,23.59,1039.40,24.85,0.26,-215.35,769,265,284,155
8.93,23.58,1039.00,24.85,0.26,-212.09,765,271,283,152
10.01,23.58,1039.20,24.84,0.26,-213.72,766,275,287,149
11.09,23.58,1039.30,24.84,0.26,-214.54,766,262,293,147
12.17,23.58,1039.10,24.84,0.26,-212.90,765,274,295,152
13.24,23.59,1039.10,24.84,0.26,-212.90,767,267,284,155
14.32,23.59,1039.50,24.83,0.26,-216.17,767,272,293,155
15.40,23.60,1039.30,24.83,0.26,-214.54,767,265,282,157
16.48,23.61,1039.50,24.83,0.26,-216.17,770,261,282,143
17.56,23.62,1039.20,24.82,0.26,-213.72,765,275,285,150
18.63,23.64,1039.30,24.82,0.26,-214.54,763,268,296,157
19.72,23.64,1039.30,24.82,0.26,-214.54,766,282,279,153
20.79,23.65,1039.50,24.81,0.26,-216.17,769,274,293,147
21.87,23.65,1039.60,24.81,0.26,-216.98,786,284,294,106
22.95,23.64,1039.20,24.81,0.26,-213.72,785,268,294,156
24.03,23.61,1039.60,24.80,0.26,-216.98,765,269,279,146
25.10,23.59,1039.20,24.80,0.26,-213.72,766,263,290,157
26.18,23.59,1039.40,24.80,0.26,-215.35,767,270,226,97
27.26,23.59,1039.40,24.79,0.26,-215.35,785,274,295,150
28.34,23.59,1039.10,24.79,0.26,-212.90,763,273,282,156
29.42,23.58,1039.10,24.78,0.26,-212.90,771,273,283,149
30.50,23.56,1039.30,24.78,0.26,-214.54,764,275,282,146
31.58,23.56,1039.50,24.77,0.26,-216.17,785,273,288,154
32.65,23.55,1039.30,24.77,0.26,-214.54,766,277,282,106
33.73,23.55,1039.40,24.76,0.26,-215.35,787,270,292,158
34.81,23.54,1039.50,24.76,0.26,-216.17,765,270,292,159
35.89,23.51,1039.90,24.75,0.27,-219.42,789,268,295,154
36.97,23.49,1039.40,24.75,0.26,-215.35,786,265,288,160
38.04,23.48,1039.70,24.74,0.26,-217.79,768,275,287,150
39.13,23.47,1038.90,24.74,0.26,-211.27,765,271,282,157
40.20,23.47,1039.50,24.73,0.26,-216.17,766,278,294,147
41.28,23.46,1039.80,24.72,0.27,-218.61,765,272,296,158
42.36,23.46,1039.90,24.72,0.27,-219.42,767,269,285,151
43.44,23.46,1038.90,24.72,0.26,-211.27,766,276,281,148
44.51,23.46,1039.30,24.72,0.26,-214.54,766,279,290,106
45.59,23.47,1039.20,24.71,0.26,-213.72,772,277,281,151
46.67,23.47,1039.30,24.71,0.26,-214.54,766,260,292,156
47.75,23.49,1039.30,24.71,0.26,-214.54,770,262,277,151
48.83,23.51,1039.20,24.70,0.26,-213.72,765,274,226,149
50.64,23.52,1039.20,24.70,0.26,-213.72,769,273,289,149
51.72,23.53,1038.60,24.70,0.25,-208.83,768,279,283,147
52.80,23.54,1039.20,24.70,0.26,-213.72,785,278,293,149
53.88,23.55,1039.90,24.69,0.27,-219.42,766,276,294,158
54.95,23.57,1039.00,24.69,0.26,-212.09,769,264,292,159
56.03,23.58,1039.30,24.69,0.26,-214.54,766,274,281,153
57.11,23.58,1039.40,24.69,0.26,-215.35,766,278,227,142
58.19,23.59,1039.30,24.69,0.26,-214.54,772,263,282,106
59.26,23.59,1039.90,24.69,0.27,-219.42,767,265,280,158
60.35,23.59,1039.20,24.69,0.26,-213.72,771,267,278,105
61.42,23.59,1039.40,24.69,0.26,-215.35,766,278,293,149
62.58,23.60,1039.20,24.69,0.26,-213.72,768,274,291,154
63.66,23.61,1039.30,24.69,0.26,-214.54,766,283,285,153
64.74,23.62,1039.50,24.69,0.26,-216.17,767,265,283,154
65.82,23.62,1039.30,24.69,0.26,-214.54,766,263,289,151
66.89,23.64,1039.60,24.69,0.26,-216.98,766,263,283,152
67.97,23.65,1039.60,24.69,0.26,-216.98,766,259,281,153
69.05,23.65,1039.40,24.69,0.26,-215.35,769,272,295,152
70.13,23.66,1039.40,24.69,0.26,-215.35,767,264,293,154
71.20,23.67,1038.60,24.69,0.25,-208.83,767,267,282,144
72.28,23.69,1038.90,24.69,0.26,-211.27,766,260,297,148
73.37,23.69,1039.00,24.69,0.26,-212.09,768,274,292,154
74.45,23.70,1039.90,24.69,0.27,-219.42,764,276,292,158
75.52,23.71,1039.20,24.69,0.26,-213.72,764,282,298,158
76.60,23.71,1039.70,24.69,0.26,-217.79,764,279,288,156
77.68,23.70,1039.40,24.69,0.26,-215.35,766,261,279,152
78.75,23.70,1038.80,24.69,0.26,-210.46,771,272,294,157
79.83,23.71,1039.30,24.69,0.26,-214.54,764,275,291,153
80.91,23.71,1039.40,24.69,0.26,-215.35,764,280,295,151
81.99,23.71,1039.00,24.69,0.26,-212.09,765,269,284,158
83.07,23.71,1039.40,24.69,0.26,-215.35,786,282,278,154
84.14,23.71,1039.00,24.69,0.26,-212.09,764,262,293,154
85.22,23.71,1039.60,24.68,0.26,-216.98,766,277,290,156
86.30,23.72,1039.50,24.68,0.26,-216.17,764,275,285,149
87.37,23.73,1039.00,24.68,0.26,-212.09,772,277,291,154
88.45,23.73,1039.60,24.68,0.26,-216.98,772,263,280,154
89.53,23.73,1039.40,24.67,0.26,-215.35,769,274,227,140
91.33,23.74,1039.90,24.67,0.27,-219.42,771,271,286,155
92.41,23.74,1038.60,24.68,0.25,-208.83,775,270,294,106
93.49,23.74,1038.90,24.67,0.26,-211.27,767,265,281,147
94.99,23.75,1039.30,24.67,0.26,-214.54,768,274,293,150
96.07,23.75,1039.30,24.67,0.26,-214.54,785,274,279,151
97.15,23.74,1039.00,24.67,0.26,-212.09,787,275,284,154
98.22,23.74,1039.40,24.66,0.26,-215.35,764,274,227,140
99.30,23.75,1039.20,24.67,0.26,-213.72,773,268,294,158
100.38,23.73,1039.00,24.66,0.26,-212.09,786,277,285,146
101.46,23.73,1039.30,24.66,0.26,-214.54,766,278,296,155
102.54,23.73,1039.40,24.66,0.26,-215.35,775,266,221,144
103.61,23.73,1039.20,24.65,0.26,-213.72,766,278,226,97
104.69,23.73,1039.50,24.65,0.26,-216.17,787,269,288,157
105.77,23.73,1039.30,24.65,0.26,-214.54,764,275,287,146
106.84,23.74,1038.50,24.64,0.25,-208.01,766,278,297,153
107.92,23.75,1039.20,24.64,0.26,-213.72,766,275,280,146
109.00,23.75,1039.20,24.64,0.26,-213.72,766,266,291,153
110.08,23.75,1039.30,24.64,0.26,-214.54,786,283,288,158
111.15,23.76,1039.30,24.63,0.26,-214.54,768,278,227,139
112.23,23.76,1039.60,24.63,0.26,-216.98,773,272,291,154
113.31,23.77,1039.30,24.63,0.26,-214.54,766,275,288,157
114.39,23.77,1039.60,24.63,0.26,-216.98,767,265,288,155
115.46,23.77,1038.80,24.63,0.26,-210.46,763,266,225,146
116.54,23.77,1039.40,24.62,0.26,-215.35,766,278,293,152
117.62,23.78,1039.40,24.62,0.26,-215.35,764,273,290,155
118.69,23.78,1039.60,24.62,0.26,-216.98,764,278,279,148
119.77,23.79,1039.30,24.62,0.26,-214.54,764,264,292,157
120.85,23.79,1039.10,24.62,0.26,-212.90,766,277,284,155
121.93,23.80,1039.00,24.62,0.26,-212.09,763,270,278,105
123.00,23.80,1039.10,24.62,0.26,-212.90,764,281,290,157
124.08,23.81,1039.40,24.62,0.26,-215.35,771,266,290,155
125.16,23.81,1039.40,24.62,0.26,-215.35,767,269,287,145
126.24,23.82,1039.50,24.62,0.26,-216.17,763,272,291,155
127.31,23.82,1039.50,24.62,0.26,-216.17,766,310,319,154
