# seconds,temp_c,pressure_mbar,temp_from_pressure_c,depth_m,altitude_m,analog_0,analog_1,analog_2,analog_3
0.00,21.57,1029.20,22.05,0.16,-131.88,852,287,292,171
1.46,21.58,1028.90,22.06,0.16,-129.41,852,292,242,164
2.54,21.59,1029.60,22.06,0.16,-135.16,852,288,297,167
3.62,21.59,1029.60,22.05,0.16,-135.16,875,281,297,160
4.70,21.61,1029.00,22.05,0.16,-130.24,857,277,292,171
5.77,21.62,1029.20,22.06,0.16,-131.88,851,279,287,161
6.85,21.63,1029.10,22.06,0.16,-131.06,854,289,293,167
7.93,21.64,1029.40,22.06,0.16,-133.52,852,286,300,171
9.01,21.64,1029.80,22.06,0.17,-136.81,855,278,299,162
10.09,21.64,1028.90,22.06,0.16,-129.41,857,281,286,117
11.17,21.65,1029.30,22.06,0.16,-132.70,857,288,304,169
12.25,21.65,1029.00,22.07,0.16,-130.24,855,276,302,169
13.33,21.66,1029.00,22.06,0.16,-130.24,878,285,290,168
14.41,21.67,1029.10,22.07,0.16,-131.06,853,276,299,165
15.49,21.68,1029.80,22.07,0.17,-136.81,853,283,292,171
16.57,21.69,1029.60,22.07,0.16,-135.16,855,275,293,165
17.65,21.70,1029.10,22.07,0.16,-131.06,861,275,294,169
18.73,21.70,1029.40,22.07,0.16,-133.52,852,285,291,163
19.81,21.70,1029.20,22.07,0.16,-131.88,857,282,301,164
20.89,21.70,1029.60,22.07,0.16,-135.16,852,287,297,160
21.97,21.71,1029.30,22.07,0.16,-132.70,854,292,300,171
23.04,21.71,1029.80,22.07,0.17,-136.81,852,273,286,166
24.12,21.70,1029.30,22.07,0.16,-132.70,854,288,299,165
25.21,21.71,1028.90,22.07,0.16,-129.41,851,281,288,166
26.30,21.71,1029.90,22.07,0.17,-137.63,854,271,291,159
27.38,21.71,1029.20,22.08,0.16,-131.88,855,279,291,164
28.46,21.71,1028.80,22.08,0.16,-128.59,862,290,297,165
29.54,21.71,1029.50,22.08,0.16,-134.34,877,280,299,166
30.62,21.71,1029.30,22.07,0.16,-132.70,855,283,286,165
31.69,21.71,1028.90,22.08,0.16,-129.41,854,269,288,165
32.77,21.70,1029.10,22.07,0.16,-131.06,851,284,300,157
33.85,21.70,1029.70,22.07,0.17,-135.99,852,286,301,161
34.93,21.70,1029.20,22.07,0.16,-131.88,875,279,291,157
36.01,21.70,1028.80,22.07,0.16,-128.59,854,271,294,165
37.09,21.70,1029.30,22.07,0.16,-132.70,854,286,302,166
38.17,21.70,1029.80,22.07,0.17,-136.81,852,285,288,161
39.25,21.70,1029.30,22.07,0.16,-132.70,861,275,286,166
40.33,21.70,1029.50,22.07,0.16,-134.34,856,288,301,164
41.41,21.70,1029.30,22.07,0.16,-132.70,855,275,293,162
42.49,21.70,1029.20,22.07,0.16,-131.88,855,271,290,166
43.57,21.69,1029.80,22.07,0.17,-136.81,852,286,301,160
44.65,21.70,1029.40,22.07,0.16,-133.52,853,278,283,158
45.72,21.70,1029.20,22.07,0.16,-131.88,854,286,231,157
46.80,21.70,1029.70,22.07,0.17,-135.99,863,282,299,159
47.88,21.70,1029.10,22.07,0.16,-131.06,877,278,297,158
48.96,21.70,1029.30,22.07,0.16,-132.70,854,286,298,166
50.04,21.70,1029.70,22.07,0.17,-135.99,853,280,302,168
51.12,21.70,1029.10,22.07,0.16,-131.06,851,272,296,165
52.20,21.70,1029.70,22.07,0.17,-135.99,851,277,286,163
53.28,21.70,1029.40,22.07,0.16,-133.52,852,284,296,167
54.36,21.70,1029.20,22.07,0.16,-131.88,852,288,302,168
55.44,21.70,1029.60,22.07,0.16,-135.16,856,294,298,166
56.52,21.69,1029.60,22.07,0.16,-135.16,854,271,287,157
57.60,21.69,1029.70,22.07,0.17,-135.99,855,279,287,161
58.67,21.68,1028.80,22.07,0.16,-128.59,876,283,291,160
59.76,21.68,1029.40,22.07,0.16,-133.52,858,287,294,165
60.83,21.68,1029.30,22.06,0.16,-132.70,858,284,233,150
61.91,21.67,1029.30,22.07,0.16,-132.70,854,286,297,160
62.99,21.67,1029.50,22.06,0.16,-134.34,856,291,288,166
64.07,21.66,1028.80,22.06,0.16,-128.59,857,283,292,165
65.15,21.66,1029.30,22.06,0.16,-132.70,855,276,300,169
66.98,21.66,1028.40,22.06,0.15,-125.30,877,285,294,167
68.06,21.65,1029.60,22.06,0.16,-135.16,851,277,287,160
69.14,21.65,1029.80,22.06,0.17,-136.81,857,281,293,158
70.22,21.64,1029.20,22.06,0.16,-131.88,875,272,230,106
71.30,21.64,1028.70,22.06,0.16,-127.77,874,284,299,157
72.38,21.64,1029.60,22.06,0.16,-135.16,853,276,296,168
73.46,21.64,1029.50,22.06,0.16,-134.34,854,284,300,167
74.54,21.64,1029.50,22.06,0.16,-134.34,878,283,290,163
75.62,21.64,1029.50,22.06,0.16,-134.34,860,291,294,114
76.70,21.64,1029.40,22.06,0.16,-133.52,854,287,294,155
77.78,21.64,1029.50,22.06,0.16,-134.34,853,280,297,161
78.85,21.64,1029.40,22.06,0.16,-133.52,854,273,293,156
79.93,21.64,1028.90,22.05,0.16,-129.41,855,272,296,164
81.01,21.64,1029.30,22.06,0.16,-132.70,856,288,284,162
82.09,21.64,1029.70,22.05,0.17,-135.99,855,283,289,155
83.17,21.63,1030.00,22.05,0.17,-138.45,863,278,232,156
84.25,21.63,1029.20,22.05,0.16,-131.88,874,270,295,160
85.33,21.63,1029.40,22.05,0.16,-133.52,856,292,296,164
86.41,21.63,1029.40,22.05,0.16,-133.52,851,276,296,167
87.49,21.63,1029.10,22.05,0.16,-131.06,851,280,232,157
89.31,21.63,1029.80,22.05,0.17,-136.81,856,274,297,161
90.39,21.63,1029.00,22.05,0.16,-130.24,853,274,283,162
91.48,21.63,1029.30,22.05,0.16,-132.70,853,281,296,166
92.57,21.64,1029.30,22.04,0.16,-132.70,854,288,234,158
93.65,21.63,1029.40,22.04,0.16,-133.52,860,292,295,163
94.72,21.63,1029.10,22.04,0.16,-131.06,858,270,294,153
95.80,21.63,1029.40,22.04,0.16,-133.52,873,277,291,158
96.88,21.63,1029.50,22.04,0.16,-134.34,855,284,295,161
97.96,21.63,1029.10,22.04,0.16,-131.06,851,274,299,158
99.66,21.63,1029.70,22.04,0.17,-135.99,856,273,293,159
100.74,21.63,1029.80,22.04,0.17,-136.81,855,281,286,166
101.82,21.64,1029.20,22.04,0.16,-131.88,851,279,294,112
102.90,21.64,1029.10,22.04,0.16,-131.06,852,284,284,166
103.98,21.64,1029.40,22.04,0.16,-133.52,855,282,296,154
105.06,21.64,1029.60,22.04,0.16,-135.16,857,282,228,155
106.14,21.64,1029.60,22.04,0.16,-135.16,853,276,297,156
107.21,21.64,1029.60,22.04,0.16,-135.16,874,284,296,115
108.29,21.64,1029.50,22.04,0.16,-134.34,852,281,289,158
109.37,21.64,1029.60,22.03,0.16,-135.16,854,285,293,160
110.45,21.64,1029.30,22.04,0.16,-132.70,856,282,297,155
111.53,21.64,1029.20,22.03,0.16,-131.88,851,276,297,162
112.61,21.64,1029.90,22.03,0.17,-137.63,858,284,301,159
113.69,21.64,1029.70,22.03,0.17,-135.99,856,284,298,164
114.77,21.64,1029.50,22.03,0.16,-134.34,862,284,300,164
115.85,21.64,1029.90,22.04,0.17,-137.63,853,281,293,160
116.93,21.64,1028.70,22.03,0.16,-127.77,850,271,285,155
118.01,21.62,1029.10,22.03,0.16,-131.06,860,288,300,165
119.09,21.63,1029.00,22.03,0.16,-130.24,854,282,301,157
120.17,21.63,1029.60,22.03,0.16,-135.16,874,269,292,162
121.25,21.63,1029.70,22.03,0.17,-135.99,850,286,286,164
122.32,21.63,1029.10,22.03,0.16,-131.06,852,285,289,159
123.40,21.63,1029.80,22.02,0.17,-136.81,852,247,267,159
124.48,21.63,1029.50,22.02,0.16,-134.34,855,288,296,154
125.56,21.64,1029.90,22.02,0.17,-137.63,856,289,287,155
126.64,21.64,1030.10,22.02,0.17,-139.27,853,275,286,161
127.72,21.64,1029.80,22.02,0.17,-136.81,875,269,285,156
128.80,21.64,1029.70,22.02,0.17,-135.99,854,288,315,161
129.88,21.64,1029.70,22.02,0.17,-135.99,853,271,280,160
130.96,21.64,1029.30,22.02,0.16,-132.70,851,276,295,160
132.04,21.64,1029.50,22.02,0.16,-134.34,852,280,298,165
133.12,21.64,1029.70,22.02,0.17,-135.99,874,265,287,158
134.20,21.65,1029.60,22.02,0.16,-135.16,852,286,299,162
135.27,21.65,1030.40,22.02,0.17,-141.73,875,276,233,147
136.35,21.65,1030.00,22.02,0.17,-138.45,854,272,298,164
137.43,21.66,1030.00,22.02,0.17,-138.45,853,277,291,153
138.51,21.66,1029.50,22.03,0.16,-134.34,860,284,295,161
139.59,21.66,1030.10,22.03,0.17,-139.27,854,265,290,164
140.67,21.66,1029.80,22.03,0.17,-136.81,854,272,296,164
141.75,21.66,1030.20,22.03,0.17,-140.09,851,276,283,159
142.83,21.66,1029.30,22.03,0.16,-132.70,851,277,293,155
143.91,21.67,1030.00,22.03,0.17,-138.45,873,279,293,163
144.99,21.67,1030.20,22.03,0.17,-140.09,852,280,295,154
146.07,21.67,1029.50,22.03,0.16,-134.34,855,277,289,155
147.15,21.67,1030.00,22.03,0.17,-138.45,863,277,284,160
148.23,21.67,1030.00,22.03,0.17,-138.45,852,287,298,164
149.31,21.67,1029.90,22.03,0.17,-137.63,871,281,291,157
150.38,21.67,1029.30,22.03,0.16,-132.70,849,278,281,153
151.46,21.67,1029.80,22.03,0.17,-136.81,854,285,293,159
152.54,21.67,1028.90,22.03,0.16,-129.41,855,273,288,162
153.62,21.67,1030.00,22.03,0.17,-138.45,859,280,298,114
154.70,21.67,1029.50,22.03,0.16,-134.34,874,283,285,154
155.78,21.67,1029.30,22.04,0.16,-132.70,852,283,285,154
156.86,21.66,1029.70,22.04,0.17,-135.99,851,280,301,154
157.95,21.66,1029.60,22.03,0.16,-135.16,860,284,298,164
159.03,21.66,1029.70,22.03,0.17,-135.99,861,272,293,159
160.11,21.66,1029.90,22.04,0.17,-137.63,851,278,231,147
161.19,21.67,1029.50,22.04,0.16,-134.34,852,281,290,162
162.27,21.66,1029.60,22.04,0.16,-135.16,851,279,284,113
163.35,21.66,1029.90,22.04,0.17,-137.63,851,273,283,154
164.43,21.65,1030.00,22.04,0.17,-138.45,860,281,289,155
165.51,21.65,1029.80,22.04,0.17,-136.81,854,283,285,159
166.59,21.65,1029.70,22.04,0.17,-135.99,877,270,228,154
167.67,21.65,1029.70,22.04,0.17,-135.99,853,278,228,155
168.75,21.65,1030.30,22.03,0.17,-140.91,861,282,297,154
169.83,21.66,1030.00,22.04,0.17,-138.45,854,285,293,158
170.90,21.66,1030.20,22.04,0.17,-140.09,854,270,229,149
171.98,21.66,1028.90,22.04,0.16,-129.41,877,276,294,162
173.06,21.65,1029.60,22.04,0.16,-135.16,851,277,295,153
174.14,21.66,1030.10,22.04,0.17,-139.27,851,275,288,162
175.22,21.65,1029.90,22.04,0.17,-137.63,858,284,298,152
176.30,21.65,1029.50,22.04,0.16,-134.34,875,275,287,157
177.38,21.64,1029.80,22.03,0.17,-136.81,877,277,288,162
178.46,21.64,1034.40,21.96,0.21,-174.52,874,312,321,151
179.54,21.64,1033.20,21.99,0.20,-164.69,851,494,478,231
180.62,21.64,1032.50,21.99,0.19,-158.96,852,235,245,149
181.70,21.64,1030.20,22.03,0.17,-140.09,851,273,290,163
182.78,21.64,1030.20,22.03,0.17,-140.09,856,289,287,153
183.85,21.64,1030.40,22.03,0.17,-141.73,853,293,298,166
184.93,21.64,1029.80,22.03,0.17,-136.81,853,281,296,162
186.01,21.64,1029.80,22.03,0.17,-136.81,875,275,282,160
187.09,21.64,1029.80,22.03,0.17,-136.81,854,499,516,331
188.17,21.64,1028.40,22.05,0.15,-125.30,855,277,277,158
189.25,21.64,1028.60,22.04,0.15,-126.95,851,266,294,164
190.33,21.64,1028.80,22.04,0.16,-128.59,852,282,285,160
191.41,21.64,1029.10,22.04,0.16,-131.06,851,271,286,111
192.49,21.64,1029.20,22.04,0.16,-131.88,854,295,301,156
193.57,21.64,1029.10,22.04,0.16,-131.06,874,281,284,160
194.65,21.65,1030.50,22.02,0.17,-142.55,878,282,228,148
195.73,21.65,1030.00,22.03,0.17,-138.45,858,281,286,154
196.80,21.65,1030.10,22.03,0.17,-139.27,875,262,214,143
197.89,21.65,1029.50,22.03,0.16,-134.34,851,274,281,148
198.96,21.66,1030.10,22.03,0.17,-139.27,852,274,301,152
200.04,21.66,1029.60,22.03,0.16,-135.16,856,351,350,170
201.12,21.66,1030.10,22.03,0.17,-139.27,852,292,294,165
202.20,21.67,1029.70,22.03,0.17,-135.99,857,265,282,149
203.28,21.67,1029.70,22.03,0.17,-135.99,861,279,287,160
204.36,21.68,1029.70,22.03,0.17,-135.99,854,264,295,156
205.44,21.68,1029.80,22.03,0.17,-136.81,853,280,299,154
206.52,21.68,1029.70,22.03,0.17,-135.99,854,284,298,163
207.60,21.68,1030.10,22.03,0.17,-139.27,860,282,295,179
208.68,21.69,1029.60,22.03,0.16,-135.16,854,280,295,158
209.76,21.69,1029.70,22.03,0.17,-135.99,855,272,281,153
210.84,21.69,1029.10,22.03,0.16,-131.06,853,281,287,158
211.91,21.69,1029.60,22.03,0.16,-135.16,854,286,283,155
212.99,21.69,1029.50,22.03,0.16,-134.34,854,284,297,153
214.07,21.69,1029.50,22.03,0.16,-134.34,858,274,293,155
215.15,21.69,1029.90,22.04,0.17,-137.63,860,274,293,153
216.23,21.69,1029.60,22.03,0.16,-135.16,853,275,289,157
217.31,21.69,1029.40,22.04,0.16,-133.52,852,280,289,155
218.39,21.69,1029.30,22.04,0.16,-132.70,853,271,284,109
219.47,21.70,1029.40,22.04,0.16,-133.52,871,281,285,157
220.55,21.69,1029.50,22.04,0.16,-134.34,872,279,282,160
221.63,21.69,1029.60,22.04,0.16,-135.16,852,276,297,157
222.72,21.69,1029.30,22.04,0.16,-132.70,859,276,296,160
223.80,21.69,1029.50,22.04,0.16,-134.34,859,279,288,151
224.88,21.69,1029.10,22.04,0.16,-131.06,876,281,281,156
225.96,21.69,1029.50,22.04,0.16,-134.34,873,271,284,158
227.04,21.69,1029.90,22.04,0.17,-137.63,852,272,291,160
228.12,21.70,1029.70,22.04,0.17,-135.99,860,287,289,153
229.20,21.70,1029.30,22.04,0.16,-132.70,854,283,284,159
230.28,21.70,1030.10,22.04,0.17,-139.27,854,292,341,404
231.36,21.70,1030.40,22.04,0.17,-141.73,855,264,288,147
232.43,21.70,1029.30,22.04,0.16,-132.70,851,288,313,151
233.51,21.70,1029.50,22.04,0.16,-134.34,850,300,288,152
234.59,21.70,1029.80,22.04,0.17,-136.81,851,274,299,158
235.67,21.70,1029.60,22.04,0.16,-135.16,853,279,292,164
236.75,21.70,1029.70,22.05,0.17,-135.99,853,277,282,111
237.83,21.70,1029.70,22.05,0.17,-135.99,850,281,285,152
238.91,21.71,1029.90,22.05,0.17,-137.63,857,267,288,161
239.99,21.71,1029.40,22.05,0.16,-133.52,852,283,294,162
241.07,21.71,1029.80,22.05,0.17,-136.81,869,277,285,154
242.15,21.71,1030.20,22.05,0.17,-140.09,924,282,298,161
243.23,21.71,1029.60,22.05,0.16,-135.16,865,309,281,144
244.31,21.71,1029.50,22.05,0.16,-134.34,851,271,280,159
245.38,21.72,1029.80,22.05,0.17,-136.81,822,285,287,153
246.47,21.72,1029.10,22.06,0.16,-131.06,855,272,278,107
247.54,21.72,1029.90,22.06,0.17,-137.63,850,261,286,161
248.62,21.72,1029.80,22.06,0.17,-136.81,851,226,320,216
249.70,21.73,1029.80,22.06,0.17,-136.81,876,277,295,150
250.78,21.73,1029.90,22.06,0.17,-137.63,853,286,307,152
251.86,21.73,1029.50,22.07,0.16,-134.34,875,286,301,157
252.94,21.73,1029.60,22.07,0.16,-135.16,854,271,288,111
254.02,21.73,1029.90,22.07,0.17,-137.63,858,274,300,160
255.10,21.73,1030.10,22.08,0.17,-139.27,853,346,276,161
256.18,21.74,1029.40,22.08,0.16,-133.52,854,481,546,136
257.26,21.74,1029.50,22.08,0.16,-134.34,854,273,293,155
258.34,21.74,1029.60,22.08,0.16,-135.16,859,276,292,163
259.42,21.75,1029.40,22.08,0.16,-133.52,850,269,284,160
260.49,21.75,1029.70,22.08,0.17,-135.99,858,288,295,156
261.57,21.75,1029.60,22.08,0.16,-135.16,853,277,288,163
262.65,21.75,1029.20,22.09,0.16,-131.88,860,284,295,150
263.73,21.76,1029.60,22.09,0.16,-135.16,853,273,290,162
264.81,21.75,1029.50,22.09,0.16,-134.34,854,286,297,154
265.89,21.76,1029.60,22.09,0.16,-135.16,851,275,286,160
266.97,21.76,1029.70,22.09,0.17,-135.99,853,278,298,160
268.05,21.76,1029.70,22.09,0.17,-135.99,860,285,291,155
269.13,21.76,1030.00,22.09,0.17,-138.45,851,267,284,157
270.21,21.76,1029.80,22.10,0.17,-136.81,853,270,228,152
271.29,21.76,1028.90,22.10,0.16,-129.41,872,284,295,158
272.37,21.76,1029.60,22.10,0.16,-135.16,852,279,284,158
273.45,21.76,1029.70,22.10,0.17,-135.99,851,272,294,160
274.52,21.76,1029.70,22.10,0.17,-135.99,858,273,280,158
275.61,21.76,1029.50,22.10,0.16,-134.34,860,285,284,157
276.68,21.75,1029.50,22.10,0.16,-134.34,852,284,295,152
277.76,21.75,1030.00,22.10,0.17,-138.45,872,281,284,159
278.84,21.75,1029.50,22.10,0.16,-134.34,871,271,283,149
279.92,21.75,1030.00,22.10,0.17,-138.45,872,279,290,161
281.00,21.75,1029.80,22.10,0.17,-136.81,855,276,293,152
282.08,21.75,1029.10,22.10,0.16,-131.06,870,267,281,153
283.16,21.75,1029.90,22.11,0.17,-137.63,853,271,281,154
284.24,21.75,1029.60,22.11,0.16,-135.16,854,280,294,148
285.32,21.75,1029.60,22.10,0.16,-135.16,853,274,296,159
286.40,21.75,1029.60,22.10,0.16,-135.16,851,271,292,159
287.49,21.74,1029.60,22.10,0.16,-135.16,853,275,283,156
288.57,21.74,1029.30,22.10,0.16,-132.70,871,269,280,147
289.65,21.73,1029.80,22.10,0.17,-136.81,852,269,283,150
290.73,21.74,1029.50,22.10,0.16,-134.34,851,272,281,148
291.81,21.73,1029.40,22.10,0.16,-133.52,871,271,286,158
292.89,21.72,1029.80,22.10,0.17,-136.81,852,281,285,155
293.96,21.73,1030.20,22.10,0.17,-140.09,852,266,292,160
295.05,21.73,1029.40,22.10,0.16,-133.52,870,280,297,151
296.12,21.74,1029.80,22.10,0.17,-136.81,854,278,295,157
297.20,21.75,1029.60,22.09,0.16,-135.16,853,251,271,147
298.28,21.75,1029.80,22.10,0.17,-136.81,851,279,283,150
299.36,21.76,1030.30,22.10,0.17,-140.91,854,263,281,153
300.44,21.76,1029.90,22.10,0.17,-137.63,858,272,298,110
301.52,21.76,1029.90,22.10,0.17,-137.63,853,271,288,158
302.60,21.76,1029.80,22.10,0.17,-136.81,851,276,302,111
303.68,21.76,1029.60,22.09,0.16,-135.16,854,277,280,159
304.85,21.76,1029.10,22.10,0.16,-131.06,855,269,287,149
306.08,21.77,1029.90,22.10,0.17,-137.63,855,268,295,152
307.15,21.77,1030.00,22.09,0.17,-138.45,859,280,306,125
308.23,21.77,1030.00,22.09,0.17,-138.45,852,279,280,156
309.31,21.77,1029.50,22.10,0.16,-134.34,852,283,284,156
310.39,21.77,1030.00,22.09,0.17,-138.45,853,283,288,150
311.47,21.77,1029.70,22.09,0.17,-135.99,852,279,291,150
312.55,21.77,1029.50,22.09,0.16,-134.34,852,275,289,155
313.63,21.77,1030.10,22.09,0.17,-139.27,854,270,293,148
314.71,21.77,1029.30,22.10,0.16,-132.70,857,279,283,153
315.79,21.77,1030.00,22.09,0.17,-138.45,854,283,296,162
316.87,21.77,1029.00,22.11,0.16,-130.24,872,278,226,150
317.95,21.77,1028.80,22.11,0.16,-128.59,854,281,282,159
319.02,21.77,1028.30,22.11,0.15,-124.48,856,281,286,156
320.10,21.77,1027.90,22.12,0.15,-121.19,854,264,276,146
321.18,21.78,1028.40,22.12,0.15,-125.30,855,270,297,154
322.26,21.78,1027.40,22.12,0.14,-117.08,854,282,296,157
323.34,21.79,1027.70,22.12,0.15,-119.55,853,276,296,157
324.42,21.79,1027.40,22.12,0.14,-117.08,862,286,293,153
325.50,21.79,1028.30,22.12,0.15,-124.48,851,274,294,159
326.58,21.80,1028.50,22.12,0.15,-126.13,859,279,289,148
327.66,21.81,1027.90,22.13,0.15,-121.19,855,268,292,148
328.74,21.81,1027.90,22.13,0.15,-121.19,853,277,289,155
329.82,21.81,1027.70,22.13,0.15,-119.55,852,278,296,158
330.90,21.81,1027.30,22.14,0.14,-116.26,853,277,290,157
331.98,21.81,1028.10,22.13,0.15,-122.84,852,278,293,151
333.05,21.80,1027.60,22.14,0.14,-118.72,852,274,301,155
334.14,21.80,1025.90,22.16,0.13,-104.73,854,279,284,158
335.21,21.80,1025.90,22.17,0.13,-104.73,854,284,294,158
336.29,21.79,1025.60,22.17,0.12,-102.26,873,276,298,160
337.37,21.79,1027.00,22.16,0.14,-113.79,872,270,298,158
338.45,21.79,1027.50,22.15,0.14,-117.90,853,275,281,150
339.53,21.78,1026.50,22.17,0.13,-109.67,851,271,284,158
340.61,21.78,1025.90,22.17,0.13,-104.73,858,285,283,148
341.69,21.78,1026.00,22.17,0.13,-105.55,854,285,285,149
342.77,21.78,1025.70,22.18,0.13,-103.08,854,277,291,152
343.85,21.82,1025.80,22.18,0.13,-103.91,859,272,226,100
344.93,21.83,1026.20,22.19,0.13,-107.20,851,275,292,160
346.01,21.85,1025.60,22.19,0.12,-102.26,860,282,295,155
347.09,21.87,1025.70,22.19,0.13,-103.08,851,272,292,157
348.17,21.88,1025.90,22.20,0.13,-104.73,851,269,284,158
349.24,21.88,1025.90,22.21,0.13,-104.73,857,280,294,159
350.32,21.89,1025.70,22.21,0.13,-103.08,851,276,297,157
351.40,21.89,1025.50,22.21,0.12,-101.43,857,276,299,155
352.48,21.92,1025.60,22.22,0.12,-102.26,852,278,280,158
353.58,21.93,1025.40,22.22,0.12,-100.61,869,272,293,149
354.65,21.94,1025.10,22.22,0.12,-98.14,852,267,283,146
355.73,21.94,1025.50,22.22,0.12,-101.43,854,280,231,142
356.81,21.95,1025.40,22.23,0.12,-100.61,854,281,284,156
357.89,21.97,1025.30,22.24,0.12,-99.79,851,275,292,160
358.97,22.00,1025.60,22.24,0.12,-102.26,851,272,292,160
360.05,22.01,1025.50,22.25,0.12,-101.43,870,281,288,157
361.13,22.06,1025.40,22.26,0.12,-100.61,850,266,226,99
362.21,22.06,1025.10,22.26,0.12,-98.14,854,275,285,152
363.29,22.06,1026.30,22.26,0.13,-108.02,855,276,294,157
364.37,22.07,1024.20,22.29,0.11,-90.72,858,282,294,158
365.45,22.09,1024.10,22.29,0.11,-89.89,854,282,295,150
366.53,22.09,1024.80,22.29,0.12,-95.67,853,274,226,149
367.61,22.10,1024.60,22.30,0.11,-94.02,853,277,283,149
368.68,22.11,1024.60,22.30,0.11,-94.02,854,280,296,156
369.76,22.12,1024.00,22.31,0.11,-89.07,874,278,227,141
370.84,22.12,1025.30,22.30,0.12,-99.79,854,265,285,149
371.92,22.12,1025.10,22.31,0.12,-98.14,851,270,278,156
373.00,22.13,1024.70,22.31,0.12,-94.84,859,273,290,157
374.08,22.14,1024.40,22.32,0.11,-92.37,870,263,290,157
375.16,22.14,1024.80,22.32,0.12,-95.67,851,273,291,154
376.24,22.14,1024.80,22.33,0.12,-95.67,851,271,291,153
377.32,22.14,1024.60,22.33,0.11,-94.02,856,280,295,148
378.40,22.14,1024.40,22.33,0.11,-92.37,872,283,288,158
379.48,22.14,1024.70,22.33,0.12,-94.84,851,268,294,157
380.55,22.14,1024.80,22.34,0.12,-95.67,851,271,285,150
381.63,22.14,1024.50,22.34,0.11,-93.19,873,277,287,150
382.71,22.14,1024.60,22.34,0.11,-94.02,853,277,289,154
383.79,22.15,1025.30,22.35,0.12,-99.79,854,279,291,153
384.87,22.15,1025.20,22.35,0.12,-98.96,853,276,296,109
385.95,22.16,1024.40,22.35,0.11,-92.37,856,286,295,155
387.03,22.17,1024.30,22.36,0.11,-91.54,854,282,295,153
388.11,22.17,1024.10,22.37,0.11,-89.89,859,277,290,158
389.19,22.18,1024.60,22.36,0.11,-94.02,858,279,287,148
390.27,22.18,1024.70,22.37,0.12,-94.84,871,271,284,155
391.35,22.18,1025.10,22.37,0.12,-98.14,851,272,293,153
392.43,22.19,1025.50,22.37,0.12,-101.43,850,279,282,157
393.51,22.20,1025.60,22.37,0.12,-102.26,858,282,298,157
394.59,22.20,1024.70,22.39,0.12,-94.84,851,267,279,150
395.67,22.20,1024.60,22.40,0.11,-94.02,854,269,280,156
396.74,22.20,1025.10,22.39,0.12,-98.14,850,277,285,149
397.82,22.20,1024.70,22.40,0.12,-94.84,857,276,291,150
398.90,22.21,1024.50,22.41,0.11,-93.19,852,279,281,148
399.98,22.21,1024.30,22.41,0.11,-91.54,850,267,290,107
401.06,22.22,1024.50,22.41,0.11,-93.19,856,270,292,160
402.14,22.24,1025.00,22.41,0.12,-97.31,854,281,284,108
403.22,22.24,1024.70,22.42,0.12,-94.84,873,278,292,156
404.30,22.24,1025.00,22.42,0.12,-97.31,854,278,297,148
405.38,22.24,1024.50,22.43,0.11,-93.19,872,283,288,159
406.46,22.25,1024.40,22.43,0.11,-92.37,873,276,292,159
407.54,22.25,1024.70,22.43,0.12,-94.84,861,272,278,106
408.61,22.26,1024.20,22.44,0.11,-90.72,852,278,295,151
409.69,22.26,1025.00,22.44,0.12,-97.31,852,281,283,151
410.77,22.27,1025.00,22.45,0.12,-97.31,850,280,297,152
411.85,22.28,1024.90,22.45,0.12,-96.49,850,263,287,151
412.93,22.28,1024.40,22.45,0.11,-92.37,850,265,284,156
414.01,22.27,1025.30,22.46,0.12,-99.79,851,274,294,157
415.09,22.27,1024.80,22.46,0.12,-95.67,851,272,289,150
416.17,22.27,1024.50,22.47,0.11,-93.19,854,267,285,153
417.25,22.27,1024.80,22.47,0.12,-95.67,854,279,290,107
418.34,22.28,1024.50,22.47,0.11,-93.19,854,279,289,148
419.42,22.28,1024.40,22.48,0.11,-92.37,873,267,286,156
420.50,22.27,1024.70,22.48,0.12,-94.84,854,281,284,108
421.58,22.26,1024.70,22.48,0.12,-94.84,850,279,285,154
422.66,22.26,1024.50,22.49,0.11,-93.19,852,285,287,153
423.74,22.26,1024.70,22.49,0.12,-94.84,851,269,281,149
424.82,22.27,1024.70,22.49,0.12,-94.84,853,273,282,155
425.90,22.27,1025.40,22.49,0.12,-100.61,854,278,296,157
426.98,22.28,1024.50,22.50,0.11,-93.19,873,268,291,149
428.06,22.28,1024.70,22.50,0.12,-94.84,853,275,287,151
429.14,22.29,1024.50,22.51,0.11,-93.19,871,271,284,156
430.21,22.29,1024.70,22.51,0.12,-94.84,861,274,295,154
431.29,22.29,1024.90,22.51,0.12,-96.49,871,271,285,150
432.37,22.29,1025.10,22.51,0.12,-98.14,852,278,293,150
433.45,22.29,1025.20,22.52,0.12,-98.96,872,282,297,154
434.53,22.29,1025.00,22.52,0.12,-97.31,860,279,283,151
435.61,22.29,1024.40,22.53,0.11,-92.37,858,268,289,149
436.69,22.29,1024.90,22.53,0.12,-96.49,857,280,279,152
437.77,22.29,1025.30,22.53,0.12,-99.79,853,271,283,147
438.85,22.27,1024.80,22.54,0.12,-95.67,870,261,287,152
440.67,22.26,1024.20,22.54,0.11,-90.72,858,267,279,146
441.75,22.27,1024.20,22.55,0.11,-90.72,852,281,289,152
442.83,22.26,1024.20,22.55,0.11,-90.72,873,277,289,153
443.91,22.25,1024.00,22.56,0.11,-89.07,858,283,286,155
444.99,22.25,1024.40,22.56,0.11,-92.37,851,274,295,155
446.07,22.25,1023.70,22.57,0.11,-86.59,853,275,284,155
447.90,22.25,1023.40,22.58,0.10,-84.12,853,269,283,151
448.98,22.25,1024.00,22.57,0.11,-89.07,860,282,281,150
450.05,22.25,1024.30,22.58,0.11,-91.54,851,275,281,148
451.13,22.24,1023.90,22.58,0.11,-88.24,872,278,280,158
452.21,22.24,1024.40,22.57,0.11,-92.37,856,282,293,155
453.29,22.24,1024.50,22.57,0.11,-93.19,870,277,284,158
454.37,22.24,1024.30,22.58,0.11,-91.54,850,279,285,153
455.45,22.22,1024.50,22.59,0.11,-93.19,869,274,295,150
456.53,22.22,1024.00,22.59,0.11,-89.07,852,281,284,153
457.61,22.21,1024.70,22.58,0.12,-94.84,855,276,294,157
458.69,22.21,1025.00,22.59,0.12,-97.31,851,272,294,107
459.77,22.21,1024.30,22.59,0.11,-91.54,857,269,280,157
460.85,22.20,1024.40,22.59,0.11,-92.37,851,266,223,139
461.93,22.19,1024.50,22.60,0.11,-93.19,853,273,285,150
463.01,22.19,1025.10,22.60,0.12,-98.14,859,270,223,144
464.09,22.19,1025.00,22.60,0.12,-97.31,872,279,285,148
465.17,22.18,1024.00,22.60,0.11,-89.07,861,271,282,144
466.24,22.18,1024.60,22.61,0.11,-94.02,856,269,280,155
467.32,22.18,1024.90,22.61,0.12,-96.49,858,268,293,147
468.40,22.18,1024.60,22.61,0.11,-94.02,854,277,287,153
469.48,22.18,1024.20,22.61,0.11,-90.72,858,265,291,148
470.56,22.18,1024.90,22.61,0.12,-96.49,851,270,292,156
471.64,22.18,1024.50,22.61,0.11,-93.19,873,271,280,154
472.72,22.17,1024.80,22.62,0.12,-95.67,855,277,285,149
473.80,22.16,1024.50,22.62,0.11,-93.19,849,273,286,105
474.88,22.16,1025.00,22.62,0.12,-97.31,851,275,287,150
475.96,22.15,1024.90,22.62,0.12,-96.49,850,263,288,155
477.04,22.13,1024.70,22.62,0.12,-94.84,849,271,290,156
478.11,22.13,1024.70,22.62,0.12,-94.84,869,274,227,145
479.19,22.13,1024.70,22.62,0.12,-94.84,850,277,286,157
480.27,22.13,1024.70,22.63,0.12,-94.84,870,278,293,147
481.35,22.13,1025.00,22.63,0.12,-97.31,853,270,224,150
482.43,22.12,1024.90,22.63,0.12,-96.49,856,282,228,146
483.51,22.12,1024.90,22.63,0.12,-96.49,851,271,287,147
484.61,22.12,1024.10,22.63,0.11,-89.89,852,280,297,154
485.68,22.12,1024.30,22.63,0.11,-91.54,854,279,290,105
486.76,22.12,1024.30,22.63,0.11,-91.54,853,268,294,158
487.84,22.12,1024.90,22.64,0.12,-96.49,869,274,225,144
488.92,22.12,1025.20,22.64,0.12,-98.96,853,268,295,149
490.00,22.12,1024.90,22.64,0.12,-96.49,869,277,285,148
491.08,22.12,1024.80,22.64,0.12,-95.67,859,269,283,146
492.16,22.11,1023.90,22.64,0.11,-88.24,855,272,293,154
493.24,22.11,1024.60,22.64,0.11,-94.02,853,269,280,156
494.32,22.09,1025.10,22.64,0.12,-98.14,856,282,226,138
495.40,22.08,1024.80,22.64,0.12,-95.67,854,278,229,143
496.48,22.07,1024.80,22.65,0.12,-95.67,854,280,292,156
497.56,22.06,1024.60,22.65,0.11,-94.02,852,265,288,155
498.64,22.05,1024.70,22.65,0.12,-94.84,854,263,290,155
499.71,22.04,1025.20,22.65,0.12,-98.96,858,280,299,151
500.79,22.04,1025.00,22.65,0.12,-97.31,853,271,283,153
501.87,22.05,1025.10,22.65,0.12,-98.14,853,268,293,151
502.95,22.05,1024.80,22.65,0.12,-95.67,854,278,226,149
504.03,22.05,1024.90,22.64,0.12,-96.49,850,286,301,159
505.11,22.04,1023.90,22.66,0.11,-88.24,850,259,286,146
506.19,22.03,1023.50,22.66,0.10,-84.94,852,283,290,106
507.27,22.03,1024.90,22.65,0.12,-96.49,858,279,292,154
508.35,22.04,1025.70,22.64,0.13,-103.08,853,275,290,155
509.43,22.04,1025.90,22.64,0.13,-104.73,851,274,294,108
510.51,22.04,1024.90,22.64,0.12,-96.49,869,266,224,145
511.58,22.03,1025.20,22.65,0.12,-98.96,851,274,293,149
512.67,22.03,1025.00,22.65,0.12,-97.31,852,276,280,154
513.75,22.03,1025.00,22.65,0.12,-97.31,853,271,287,146
514.83,22.03,1025.10,22.65,0.12,-98.14,853,269,286,105
515.90,22.03,1025.30,22.65,0.12,-99.79,872,278,226,148
516.98,22.03,1026.00,22.65,0.13,-105.55,851,269,284,153
518.06,22.03,1025.70,22.65,0.13,-103.08,850,277,288,155
519.14,22.03,1025.30,22.65,0.12,-99.79,851,267,289,154
520.22,22.03,1025.20,22.65,0.12,-98.96,870,280,296,108
521.30,22.04,1025.20,22.65,0.12,-98.96,854,278,292,157
522.38,22.04,1025.10,22.66,0.12,-98.14,852,277,286,105
523.46,22.04,1025.10,22.66,0.12,-98.14,856,281,286,155
524.54,22.05,1025.80,22.66,0.13,-103.91,859,271,288,155
525.62,22.05,1024.80,22.66,0.12,-95.67,853,272,293,148
526.70,22.05,1025.20,22.66,0.12,-98.96,853,271,287,147
528.52,22.06,1024.50,22.67,0.11,-93.19,853,270,291,151
529.60,22.08,1024.10,22.68,0.11,-89.89,858,280,297,155
530.68,22.09,1024.40,22.68,0.11,-92.37,856,281,290,156
531.76,22.11,1024.50,22.69,0.11,-93.19,852,285,289,152
532.84,22.12,1024.80,22.69,0.12,-95.67,850,279,281,154
533.91,22.13,1024.50,22.70,0.11,-93.19,851,265,281,150
534.99,22.15,1025.00,22.70,0.12,-97.31,857,273,285,146
536.07,22.17,1024.80,22.71,0.12,-95.67,870,277,286,107
537.15,22.17,1024.80,22.72,0.12,-95.67,850,262,226,146
538.23,22.18,1024.60,22.72,0.11,-94.02,850,276,278,105
539.31,22.18,1024.60,22.73,0.11,-94.02,850,278,294,108
540.39,22.18,1024.60,22.73,0.11,-94.02,851,264,278,155
541.47,22.19,1024.60,22.73,0.11,-94.02,853,272,294,156
542.55,22.19,1024.70,22.73,0.12,-94.84,853,269,289,147
543.63,22.20,1024.50,22.73,0.11,-93.19,853,272,279,145
544.71,22.20,1024.70,22.74,0.12,-94.84,853,267,288,107
545.79,22.20,1024.80,22.74,0.12,-95.67,853,277,288,154
546.86,22.20,1024.90,22.74,0.12,-96.49,852,279,283,151
547.94,22.19,1024.70,22.74,0.12,-94.84,852,276,294,107
549.02,22.18,1024.40,22.74,0.11,-92.37,859,274,295,153
550.11,22.18,1024.90,22.74,0.12,-96.49,852,280,294,107
551.20,22.18,1024.80,22.74,0.12,-95.67,852,277,284,157
552.28,22.18,1024.90,22.74,0.12,-96.49,871,272,293,150
553.35,22.18,1025.20,22.74,0.12,-98.96,853,272,295,150
554.43,22.18,1024.70,22.74,0.12,-94.84,852,280,293,150
555.51,22.18,1024.60,22.74,0.11,-94.02,860,281,287,146
556.59,22.18,1024.70,22.74,0.12,-94.84,851,269,280,156
557.67,22.18,1024.70,22.74,0.12,-94.84,854,277,287,149
558.75,22.18,1024.60,22.74,0.11,-94.02,856,278,227,144
559.83,22.18,1025.00,22.74,0.12,-97.31,851,264,289,150
560.91,22.18,1025.00,22.74,0.12,-97.31,853,271,285,146
561.99,22.18,1024.80,22.74,0.12,-95.67,852,265,280,157
563.07,22.18,1024.50,22.74,0.11,-93.19,852,266,290,154
564.15,22.17,1024.00,22.74,0.11,-89.07,850,264,290,156
565.23,22.16,1024.80,22.74,0.12,-95.67,850,279,282,155
566.30,22.15,1023.90,22.74,0.11,-88.24,850,259,284,107
567.38,22.15,1024.20,22.74,0.11,-90.72,849,267,279,152
568.46,22.14,1024.70,22.74,0.12,-94.84,853,271,287,148
569.54,22.14,1024.50,22.74,0.11,-93.19,869,273,288,157
570.62,22.14,1024.60,22.74,0.11,-94.02,850,276,228,150
571.70,22.14,1024.90,22.74,0.12,-96.49,852,278,291,150
572.78,22.14,1024.90,22.74,0.12,-96.49,859,276,295,151
573.86,22.14,1024.80,22.73,0.12,-95.67,852,265,285,149
574.94,22.14,1024.40,22.74,0.11,-92.37,852,280,228,148
576.02,22.14,1025.00,22.74,0.12,-97.31,853,271,282,143
577.10,22.14,1024.70,22.73,0.12,-94.84,871,273,290,106
578.18,22.14,1025.00,22.73,0.12,-97.31,850,262,288,145
579.26,22.15,1025.10,22.73,0.12,-98.14,855,272,293,152
580.33,22.14,1025.30,22.73,0.12,-99.79,853,274,295,149
581.41,22.15,1025.10,22.73,0.12,-98.14,861,270,288,145
582.49,22.15,1024.10,22.73,0.11,-89.89,855,273,285,148
583.57,22.15,1025.10,22.73,0.12,-98.14,852,263,288,156
584.65,22.15,1024.90,22.73,0.12,-96.49,852,282,295,155
585.73,22.16,1025.00,22.73,0.12,-97.31,853,270,291,153
586.81,22.16,1025.10,22.73,0.12,-98.14,853,271,283,147
587.89,22.15,1024.40,22.73,0.11,-92.37,853,267,282,154
588.97,22.15,1025.00,22.73,0.12,-97.31,872,275,283,150
590.05,22.15,1024.50,22.73,0.11,-93.19,853,267,285,152
591.13,22.16,1025.40,22.73,0.12,-100.61,850,278,293,153
592.21,22.16,1024.70,22.73,0.12,-94.84,852,266,292,155
593.29,22.16,1024.80,22.73,0.12,-95.67,854,282,279,152
594.36,22.16,1024.60,22.73,0.11,-94.02,849,273,287,148
595.44,22.16,1025.20,22.73,0.12,-98.96,850,278,294,105
596.52,22.16,1025.00,22.73,0.12,-97.31,870,275,284,144
597.60,22.16,1025.10,22.73,0.12,-98.14,850,260,290,106
598.68,22.16,1024.70,22.73,0.12,-94.84,851,267,288,156
599.76,22.16,1025.10,22.72,0.12,-98.14,851,264,291,152
600.84,22.16,1025.30,22.73,0.12,-99.79,852,285,289,152
601.92,22.16,1025.40,22.73,0.12,-100.61,850,279,286,144
603.00,22.15,1025.20,22.72,0.12,-98.96,849,273,282,106
604.08,22.16,1024.90,22.72,0.12,-96.49,854,262,294,107
605.16,22.16,1025.10,22.72,0.12,-98.14,850,276,280,153
606.24,22.17,1025.30,22.72,0.12,-99.79,850,263,283,150
607.32,22.17,1024.60,22.72,0.11,-94.02,856,277,283,145
608.39,22.17,1024.50,22.72,0.11,-93.19,850,276,279,152
609.47,22.17,1025.00,22.72,0.12,-97.31,852,278,294,107
610.55,22.17,1025.40,22.72,0.12,-100.61,851,274,226,146
611.63,22.18,1024.80,22.72,0.12,-95.67,872,264,289,154
612.71,22.18,1024.90,22.72,0.12,-96.49,859,264,224,99
613.79,22.18,1024.70,22.72,0.12,-94.84,857,270,292,156
614.88,22.18,1025.60,22.71,0.12,-102.26,851,273,288,159
615.96,22.18,1025.80,22.71,0.13,-103.91,852,265,284,146
617.04,22.18,1025.60,22.71,0.12,-102.26,852,265,286,156
618.12,22.18,1025.50,22.71,0.12,-101.43,852,276,291,146
619.20,22.18,1026.20,22.71,0.13,-107.20,849,275,288,154
620.28,22.18,1025.30,22.72,0.12,-99.79,853,274,293,154
621.45,22.18,1025.30,22.72,0.12,-99.79,851,265,287,149
622.67,22.19,1024.90,22.72,0.12,-96.49,850,261,285,147
623.75,22.18,1024.60,22.72,0.11,-94.02,851,266,293,151
624.83,22.19,1025.20,22.73,0.12,-98.96,850,275,287,151
625.91,22.18,1025.20,22.72,0.12,-98.96,870,277,291,147
626.99,22.18,1025.30,22.72,0.12,-99.79,850,260,292,158
628.07,22.18,1025.10,22.72,0.12,-98.14,870,275,285,145
629.15,22.18,1025.40,22.72,0.12,-100.61,871,271,286,155
630.23,22.19,1024.50,22.72,0.11,-93.19,849,270,294,155
631.32,22.18,1025.00,22.71,0.12,-97.31,873,266,225,140
632.40,22.19,1025.00,22.72,0.12,-97.31,850,277,285,149
633.48,22.19,1024.80,22.72,0.12,-95.67,852,277,289,148
634.56,22.19,1025.40,22.71,0.12,-100.61,850,275,287,146
635.64,22.19,1025.50,22.71,0.12,-101.43,851,270,296,145
636.72,22.19,1026.80,22.70,0.14,-112.14,872,277,282,105
637.80,22.19,1026.40,22.70,0.13,-108.85,850,260,288,154
638.89,22.19,1025.70,22.71,0.13,-103.08,850,282,294,155
639.97,22.20,1024.90,22.72,0.12,-96.49,873,269,282,156
641.05,22.19,1023.90,22.73,0.11,-88.24,852,276,293,155
642.13,22.19,1024.00,22.73,0.11,-89.07,850,277,282,143
643.21,22.20,1023.20,22.74,0.10,-82.46,854,279,281,150
644.29,22.20,1023.90,22.73,0.11,-88.24,853,266,292,154
645.37,22.20,1024.50,22.73,0.11,-93.19,849,273,287,148
646.46,22.21,1024.60,22.73,0.11,-94.02,850,280,281,150
647.54,22.21,1024.40,22.72,0.11,-92.37,852,277,286,155
648.62,22.21,1025.00,22.72,0.12,-97.31,857,273,284,155
649.70,22.22,1024.70,22.72,0.12,-94.84,852,282,297,150
650.78,22.22,1025.30,22.71,0.12,-99.79,850,278,297,149
651.86,22.22,1025.40,22.71,0.12,-100.61,853,275,291,149
652.94,22.23,1024.80,22.72,0.12,-95.67,852,267,281,150
654.02,22.23,1024.70,22.72,0.12,-94.84,850,275,289,149
655.10,22.23,1024.60,22.72,0.11,-94.02,852,265,282,156
656.18,22.23,1024.70,22.72,0.12,-94.84,851,265,282,153
657.26,22.22,1024.40,22.72,0.11,-92.37,850,277,283,145
658.34,22.23,1024.70,22.72,0.12,-94.84,853,268,289,153
659.42,22.22,1024.20,22.72,0.11,-90.72,851,271,285,153
660.51,22.22,1024.70,22.72,0.12,-94.84,856,276,296,155
661.59,22.23,1024.60,22.72,0.11,-94.02,851,271,281,152
662.67,22.23,1025.10,22.72,0.12,-98.14,872,263,287,151
663.75,22.23,1025.20,22.72,0.12,-98.96,850,279,281,146
664.83,22.23,1025.10,22.72,0.12,-98.14,850,262,223,143
665.91,22.23,1025.10,22.72,0.12,-98.14,857,275,287,151
666.99,22.24,1025.40,22.71,0.12,-100.61,849,272,289,152
668.08,22.24,1024.70,22.72,0.12,-94.84,853,272,290,154
669.16,22.24,1025.30,22.72,0.12,-99.79,869,275,283,149
670.24,22.25,1024.70,22.72,0.12,-94.84,850,277,285,149
671.32,22.25,1025.10,22.72,0.12,-98.14,871,271,279,152
672.40,22.25,1024.70,22.72,0.12,-94.84,852,279,280,152
673.48,22.26,1024.90,22.73,0.12,-96.49,857,268,226,146
674.57,22.26,1024.30,22.72,0.11,-91.54,852,266,290,145
675.65,22.26,1025.20,22.72,0.12,-98.96,850,259,282,105
676.73,22.27,1025.10,22.73,0.12,-98.14,856,279,283,145
677.81,22.27,1025.70,22.72,0.13,-103.08,860,281,292,154
678.89,22.27,1025.10,22.72,0.12,-98.14,852,262,222,98
679.97,22.28,1027.00,22.70,0.14,-113.79,853,266,223,137
681.06,22.28,1026.20,22.71,0.13,-107.20,855,272,290,153
682.16,22.29,1025.50,22.72,0.12,-101.43,850,274,291,151
683.24,22.29,1024.80,22.73,0.12,-95.67,853,269,283,153
684.32,22.28,1024.60,22.73,0.11,-94.02,872,278,296,156
685.41,22.29,1025.50,22.72,0.12,-101.43,855,270,225,144
686.49,22.29,1026.40,22.71,0.13,-108.85,851,268,291,151
687.57,22.30,1025.30,22.73,0.12,-99.79,850,274,293,150
688.65,22.30,1026.00,22.72,0.13,-105.55,849,266,292,155
689.73,22.30,1025.00,22.73,0.12,-97.31,849,266,278,153
690.81,22.31,1025.60,22.73,0.12,-102.26,854,284,293,154
691.89,22.31,1025.40,22.73,0.12,-100.61,851,270,226,147
692.97,22.32,1026.00,22.73,0.13,-105.55,849,272,296,155
694.06,22.33,1025.40,22.73,0.12,-100.61,852,275,288,155
695.14,22.33,1025.60,22.73,0.12,-102.26,869,270,292,107
696.22,22.34,1025.60,22.74,0.12,-102.26,854,264,292,158
697.30,22.34,1025.50,22.74,0.12,-101.43,851,267,284,152
698.38,22.34,1028.90,22.70,0.16,-129.41,850,277,289,150
699.46,22.33,1025.40,22.74,0.12,-100.61,850,277,287,150
700.54,22.33,1024.80,22.75,0.12,-95.67,860,266,289,150
701.63,22.34,1025.10,22.75,0.12,-98.14,851,271,287,148
702.71,22.34,1025.00,22.75,0.12,-97.31,850,258,288,154
703.79,22.34,1024.30,22.75,0.11,-91.54,851,269,281,146
704.87,22.34,1026.80,22.73,0.14,-112.14,873,272,297,148
705.95,22.34,1027.10,22.72,0.14,-114.61,849,272,296,156
707.03,22.34,1026.20,22.73,0.13,-107.20,853,269,287,147
708.11,22.34,1027.20,22.73,0.14,-115.43,851,263,282,154
709.19,22.34,1027.50,22.73,0.14,-117.90,852,273,286,156
710.28,22.34,1027.70,22.72,0.15,-119.55,850,263,288,154
711.36,22.34,1027.30,22.73,0.14,-116.26,868,279,280,155
712.44,22.34,1026.80,22.73,0.14,-112.14,855,271,289,146
713.52,22.33,1027.00,22.73,0.14,-113.79,871,265,281,150
714.60,22.32,1027.10,22.73,0.14,-114.61,850,276,291,149
715.68,22.33,1026.80,22.73,0.14,-112.14,852,278,226,149
716.76,22.33,1027.10,22.73,0.14,-114.61,856,278,295,149
717.84,22.33,1027.70,22.73,0.15,-119.55,854,282,292,154
718.92,22.33,1026.80,22.74,0.14,-112.14,857,266,293,150
720.01,22.34,1026.70,22.74,0.14,-111.32,857,272,295,152
721.09,22.34,1026.50,22.74,0.13,-109.67,849,273,290,145
722.17,22.34,1026.60,22.74,0.13,-110.49,856,280,291,147
723.25,22.34,1026.40,22.74,0.13,-108.85,849,270,225,144
724.33,22.33,1025.80,22.75,0.13,-103.91,871,276,293,151
725.41,22.32,1026.50,22.75,0.13,-109.67,857,272,292,155
726.49,22.30,1026.60,22.75,0.13,-110.49,852,265,278,155
727.58,22.30,1025.90,22.75,0.13,-104.73,852,280,293,154
728.66,22.29,1026.00,22.75,0.13,-105.55,859,275,287,150
729.74,22.28,1025.90,22.75,0.13,-104.73,850,275,290,155
730.82,22.28,1026.40,22.75,0.13,-108.85,848,280,280,154
731.90,22.29,1026.30,22.75,0.13,-108.02,852,275,288,107
732.98,22.29,1026.70,22.75,0.14,-111.32,856,278,294,144
734.07,22.29,1026.70,22.75,0.14,-111.32,859,268,227,145
735.15,22.28,1026.30,22.75,0.13,-108.02,872,275,286,155
736.23,22.29,1025.70,22.76,0.13,-103.08,849,276,294,156
737.31,22.29,1027.60,22.75,0.14,-118.72,852,275,278,143
738.39,22.29,1027.80,22.74,0.15,-120.37,852,276,295,148
739.47,22.29,1026.90,22.74,0.14,-112.96,866,275,281,148
740.55,22.29,1027.10,22.74,0.14,-114.61,850,275,287,152
741.64,22.30,1027.50,22.75,0.14,-117.90,852,279,284,152
742.72,22.30,1026.90,22.75,0.14,-112.96,855,268,293,151
743.80,22.30,1027.10,22.75,0.14,-114.61,857,268,292,145
744.88,22.30,1027.90,22.75,0.15,-121.19,856,278,294,154
745.96,22.30,1027.40,22.75,0.14,-117.08,850,277,282,143
747.05,22.30,1027.90,22.75,0.15,-121.19,849,265,286,155
748.13,22.30,1027.60,22.75,0.14,-118.72,859,272,290,156
749.22,22.30,1027.90,22.75,0.15,-121.19,872,275,279,149
750.30,22.31,1027.10,22.76,0.14,-114.61,848,279,291,149
751.38,22.30,1027.40,22.76,0.14,-117.08,858,278,295,150
752.46,22.30,1027.20,22.77,0.14,-115.43,852,279,282,144
753.54,22.30,1027.20,22.76,0.14,-115.43,852,278,295,153
754.62,22.30,1027.50,22.77,0.14,-117.90,849,272,290,155
755.70,22.30,1027.40,22.77,0.14,-117.08,852,277,284,153
756.78,22.30,1026.90,22.77,0.14,-112.96,850,277,285,145
757.87,22.30,1027.50,22.77,0.14,-117.90,858,280,279,146
758.95,22.30,1027.60,22.77,0.14,-118.72,868,278,224,148
760.03,22.31,1027.60,22.77,0.14,-118.72,851,266,290,144
761.11,22.30,1027.20,22.78,0.14,-115.43,852,278,226,98
762.19,22.30,1026.40,22.79,0.13,-108.85,849,265,284,153
763.27,22.30,1027.70,22.77,0.15,-119.55,852,277,290,154
764.35,22.30,1026.60,22.79,0.13,-110.49,849,266,288,107
765.44,22.30,1027.80,22.78,0.15,-120.37,852,279,282,156
766.52,22.30,1027.00,22.79,0.14,-113.79,850,271,276,106
767.60,22.30,1026.80,22.79,0.14,-112.14,850,275,280,155
768.68,22.30,1026.70,22.80,0.14,-111.32,851,271,284,156
769.76,22.30,1026.80,22.81,0.14,-112.14,852,279,284,156
770.84,22.30,1025.90,22.80,0.13,-104.73,849,268,291,146
771.92,22.30,1026.30,22.81,0.13,-108.02,856,282,295,147
773.01,22.30,1026.30,22.81,0.13,-108.02,851,273,289,151
774.09,22.30,1026.30,22.81,0.13,-108.02,848,261,288,155
775.17,22.30,1026.50,22.81,0.13,-109.67,852,264,292,156
776.25,22.30,1026.60,22.81,0.13,-110.49,850,263,286,153
777.33,22.30,1026.20,22.82,0.13,-107.20,869,266,291,146
778.41,22.30,1026.50,22.82,0.13,-109.67,853,268,278,104
779.49,22.31,1026.80,22.82,0.14,-112.14,849,272,297,146
780.58,22.31,1026.40,22.82,0.13,-108.85,850,278,291,151
781.66,22.31,1027.20,22.82,0.14,-115.43,853,270,226,147
782.74,22.31,1026.30,22.83,0.13,-108.02,851,266,290,154
783.82,22.32,1025.70,22.82,0.13,-103.08,852,279,287,144
784.90,22.31,1026.60,22.83,0.13,-110.49,852,279,289,151
785.98,22.31,1026.90,22.82,0.14,-112.96,867,274,225,144
787.06,22.31,1027.00,22.83,0.14,-113.79,855,274,290,155
788.15,22.31,1026.20,22.83,0.13,-107.20,851,267,286,105
789.23,22.32,1026.20,22.84,0.13,-107.20,851,269,288,154
790.31,22.31,1026.10,22.84,0.13,-106.38,852,277,289,150
791.39,22.30,1026.20,22.84,0.13,-107.20,854,267,285,146
792.47,22.30,1025.80,22.84,0.13,-103.91,852,277,285,151
793.55,22.30,1025.70,22.85,0.13,-103.08,851,268,295,152
794.63,22.30,1026.70,22.85,0.14,-111.32,849,269,281,150
795.71,22.30,1026.60,22.85,0.13,-110.49,853,274,294,154
796.79,22.30,1026.00,22.85,0.13,-105.55,850,261,287,145
797.88,22.31,1026.40,22.85,0.13,-108.85,868,280,291,151
798.96,22.31,1026.00,22.85,0.13,-105.55,851,273,287,146
800.04,22.32,1025.70,22.85,0.13,-103.08,869,266,291,146
801.12,22.31,1026.40,22.86,0.13,-108.85,851,265,288,153
802.20,22.31,1026.40,22.86,0.13,-108.85,851,264,289,148
803.28,22.32,1026.20,22.86,0.13,-107.20,849,268,277,152
804.36,22.31,1026.20,22.86,0.13,-107.20,856,278,226,146
805.45,22.32,1026.10,22.87,0.13,-106.38,849,268,278,153
806.53,22.32,1026.10,22.87,0.13,-106.38,851,265,279,144
807.61,22.31,1026.10,22.87,0.13,-106.38,869,265,280,153
808.69,22.32,1025.90,22.87,0.13,-104.73,852,273,284,156
809.77,22.32,1026.00,22.88,0.13,-105.55,856,282,226,147
810.85,22.32,1025.90,22.87,0.13,-104.73,848,263,288,157
811.95,22.33,1025.70,22.88,0.13,-103.08,859,272,292,154
813.03,22.33,1026.00,22.88,0.13,-105.55,854,279,290,154
814.11,22.34,1025.40,22.88,0.12,-100.61,850,261,288,153
815.19,22.34,1025.60,22.89,0.12,-102.26,872,275,283,144
816.28,22.34,1025.40,22.89,0.12,-100.61,850,276,290,155
817.36,22.34,1025.70,22.89,0.13,-103.08,848,276,292,157
818.44,22.34,1025.80,22.90,0.13,-103.91,852,276,292,156
819.52,22.34,1025.40,22.90,0.12,-100.61,850,276,297,151
820.60,22.34,1025.40,22.90,0.12,-100.61,870,262,290,104
821.68,22.35,1025.90,22.90,0.13,-104.73,854,279,279,147
822.76,22.35,1025.30,22.90,0.12,-99.79,869,266,289,149
823.84,22.35,1025.80,22.90,0.13,-103.91,849,266,278,153
824.93,22.35,1025.70,22.91,0.13,-103.08,853,266,291,151
826.01,22.35,1025.50,22.91,0.12,-101.43,852,279,280,154
827.09,22.36,1025.40,22.91,0.12,-100.61,853,272,291,149
828.17,22.35,1025.30,22.91,0.12,-99.79,849,270,294,155
829.25,22.34,1026.10,22.91,0.13,-106.38,870,277,285,147
830.33,22.33,1025.60,22.92,0.12,-102.26,852,276,296,107
831.41,22.34,1025.40,22.92,0.12,-100.61,849,271,282,153
832.50,22.34,1025.00,22.92,0.12,-97.31,853,270,291,148
833.58,22.34,1025.40,22.92,0.12,-100.61,858,280,290,144
834.66,22.35,1025.50,22.92,0.12,-101.43,849,270,290,154
835.74,22.34,1025.50,22.93,0.12,-101.43,868,278,278,105
836.82,22.34,1025.00,22.93,0.12,-97.31,853,265,282,156
837.90,22.35,1024.90,22.94,0.12,-96.49,848,278,280,154
838.98,22.34,1025.50,22.94,0.12,-101.43,870,278,294,106
840.07,22.35,1026.10,22.94,0.13,-106.38,856,280,291,148
841.15,22.35,1025.30,22.94,0.12,-99.79,851,273,289,153
842.23,22.35,1024.80,22.94,0.12,-95.67,852,263,283,149
843.31,22.35,1025.10,22.95,0.12,-98.14,857,265,282,105
844.39,22.36,1024.40,22.95,0.11,-92.37,852,278,225,143
845.47,22.35,1025.30,22.95,0.12,-99.79,849,268,291,146
846.55,22.36,1025.00,22.95,0.12,-97.31,849,263,278,103
847.64,22.36,1025.00,22.95,0.12,-97.31,857,272,290,155
848.72,22.36,1025.20,22.95,0.12,-98.96,858,274,226,148
849.80,22.36,1024.90,22.95,0.12,-96.49,868,275,283,150
850.88,22.36,1024.70,22.96,0.12,-94.84,852,277,291,153
851.96,22.36,1024.90,22.96,0.12,-96.49,848,261,283,144
853.04,22.37,1025.00,22.96,0.12,-97.31,870,280,292,155
854.12,22.36,1025.20,22.96,0.12,-98.96,850,275,287,148
855.20,22.36,1025.10,22.97,0.12,-98.14,854,277,287,146
856.29,22.37,1025.20,22.97,0.12,-98.96,849,268,293,152
857.37,22.37,1025.00,22.97,0.12,-97.31,856,274,293,147
858.45,22.38,1024.90,22.97,0.12,-96.49,852,274,279,143
859.53,22.38,1025.20,22.97,0.12,-98.96,849,270,224,147
860.61,22.39,1024.80,22.97,0.12,-95.67,847,273,282,155
861.69,22.38,1025.00,22.98,0.12,-97.31,850,275,286,153
862.77,22.38,1025.40,22.98,0.12,-100.61,848,276,292,145
863.85,22.37,1024.90,22.98,0.12,-96.49,852,281,280,154
864.93,22.37,1025.50,22.98,0.12,-101.43,857,277,279,151
866.02,22.37,1024.90,22.99,0.12,-96.49,855,273,286,157
867.10,22.37,1025.20,22.99,0.12,-98.96,857,276,292,155
868.18,22.36,1024.50,22.99,0.11,-93.19,856,279,283,150
869.26,22.36,1025.10,22.99,0.12,-98.14,848,274,225,137
870.34,22.36,1024.70,22.99,0.12,-94.84,857,278,292,106
871.42,22.37,1025.00,23.00,0.12,-97.31,854,266,275,143
872.51,22.36,1024.70,23.00,0.12,-94.84,848,263,286,152
873.59,22.37,1025.20,23.00,0.12,-98.96,858,281,281,147
874.67,22.38,1024.90,23.00,0.12,-96.49,871,265,287,149
875.75,22.38,1024.70,23.00,0.12,-94.84,865,271,289,151
876.85,22.39,1024.80,23.01,0.12,-95.67,849,263,285,152
877.93,22.40,1024.70,23.01,0.12,-94.84,854,278,292,154
879.01,22.40,1025.00,23.01,0.12,-97.31,858,264,289,146
880.09,22.39,1025.00,23.01,0.12,-97.31,848,262,293,146
881.17,22.39,1024.80,23.01,0.12,-95.67,853,272,294,155
882.25,22.39,1025.30,23.02,0.12,-99.79,850,275,287,152
883.33,22.39,1025.30,23.02,0.12,-99.79,848,280,294,155
884.41,22.39,1024.70,23.02,0.12,-94.84,853,271,286,105
885.50,22.40,1024.70,23.02,0.12,-94.84,871,265,282,155
886.58,22.40,1024.70,23.02,0.12,-94.84,855,270,292,155
887.66,22.40,1024.90,23.02,0.12,-96.49,851,273,281,146
888.74,22.41,1024.70,23.02,0.12,-94.84,849,271,284,155
889.82,22.42,1024.90,23.03,0.12,-96.49,849,265,279,151
890.90,22.42,1025.20,23.03,0.12,-98.96,852,277,287,149
891.98,22.42,1024.80,23.03,0.12,-95.67,852,278,279,144
893.07,22.42,1024.70,23.03,0.12,-94.84,852,277,284,155
894.15,22.43,1025.10,23.03,0.12,-98.14,848,273,288,155
895.23,22.43,1025.20,23.03,0.12,-98.96,867,272,290,104
896.31,22.43,1024.80,23.04,0.12,-95.67,871,276,296,158
897.39,22.44,1024.70,23.03,0.12,-94.84,868,262,222,135
898.47,22.45,1025.40,23.03,0.12,-100.61,848,262,222,99
899.55,22.46,1025.00,23.04,0.12,-97.31,870,276,295,152
900.64,22.46,1024.40,23.04,0.11,-92.37,869,268,289,147
901.72,22.46,1024.60,23.04,0.11,-94.02,849,265,280,152
902.80,22.47,1024.80,23.04,0.12,-95.67,851,273,280,142
903.88,22.47,1025.00,23.04,0.12,-97.31,849,267,288,157
904.96,22.47,1024.80,23.05,0.12,-95.67,851,273,281,149
906.04,22.48,1024.40,23.05,0.11,-92.37,851,269,279,150
907.12,22.47,1021.30,23.10,0.08,-66.77,871,269,284,156
908.21,22.48,1020.90,23.10,0.08,-63.46,850,263,288,145
909.29,22.48,1021.50,23.10,0.08,-68.42,852,277,282,152
910.37,22.48,1021.90,23.09,0.09,-71.73,848,339,339,181
911.45,22.48,1025.90,23.05,0.13,-104.73,848,271,285,145
912.53,22.48,1025.80,23.04,0.13,-103.91,851,265,275,150
913.61,22.47,1026.40,23.04,0.13,-108.85,849,260,288,153
914.69,22.47,1026.50,23.04,0.13,-109.67,850,273,285,152
915.78,22.44,1026.80,23.04,0.14,-112.14,858,282,290,155
916.86,22.43,1026.20,23.04,0.13,-107.20,872,268,296,154
917.94,22.43,1026.20,23.04,0.13,-107.20,849,259,284,154
919.02,22.43,1026.60,23.04,0.13,-110.49,848,266,290,157
920.10,22.43,1026.50,23.04,0.13,-109.67,860,279,281,150
921.18,22.42,1026.00,23.05,0.13,-105.55,853,567,444,169
922.26,22.42,1025.60,23.05,0.12,-102.26,855,247,267,152
923.34,22.44,1026.40,23.05,0.13,-108.85,851,280,291,145
924.42,22.45,1025.90,23.05,0.13,-104.73,848,270,291,146
925.51,22.48,1026.40,23.05,0.13,-108.85,852,272,290,104
926.59,22.49,1026.00,23.05,0.13,-105.55,852,271,288,156
927.67,22.50,1025.70,23.06,0.13,-103.08,867,270,225,143
928.75,22.51,1025.60,23.06,0.12,-102.26,853,269,282,106
929.83,22.50,1025.60,23.07,0.12,-102.26,849,267,283,148
930.91,22.51,1024.70,23.08,0.12,-94.84,851,266,291,152
931.99,22.54,1025.70,23.08,0.13,-103.08,870,277,280,157
933.07,22.55,1025.10,23.08,0.12,-98.14,848,277,284,105
934.16,22.58,1025.30,23.08,0.12,-99.79,850,276,293,152
935.33,22.60,1026.20,23.07,0.13,-107.20,848,259,283,149
936.57,22.60,1025.60,23.09,0.12,-102.26,869,264,291,150
937.78,22.60,1025.80,23.08,0.13,-103.91,853,264,289,145
938.86,22.62,1026.00,23.09,0.13,-105.55,852,271,284,153
939.94,22.63,1025.20,23.10,0.12,-98.96,851,278,294,154
941.02,22.64,1026.10,23.09,0.13,-106.38,848,282,227,138
942.10,22.63,1025.30,23.10,0.12,-99.79,849,275,287,153
943.20,22.63,1026.80,23.08,0.14,-112.14,850,253,276,142
944.28,22.62,1027.10,23.08,0.14,-114.61,851,274,289,154
945.36,22.62,1026.90,23.09,0.14,-112.96,850,278,226,358
946.44,22.62,1027.30,23.09,0.14,-116.26,849,298,241,144
947.53,22.62,1026.00,23.10,0.13,-105.55,854,284,293,145
948.61,22.62,1025.90,23.10,0.13,-104.73,851,313,286,155
949.69,22.61,1026.00,23.10,0.13,-105.55,858,284,172,135
950.77,22.61,1026.30,23.10,0.13,-108.02,852,270,286,156
951.85,22.61,1026.20,23.10,0.13,-107.20,858,280,281,146
952.93,22.60,1026.50,23.10,0.13,-109.67,821,709,723,693
954.01,22.60,1026.20,23.11,0.13,-107.20,849,191,233,154
955.09,22.60,1026.10,23.10,0.13,-106.38,849,263,284,152
956.18,22.60,1026.20,23.11,0.13,-107.20,849,264,289,152
