# seconds,temp_c,pressure_mbar,temp_from_pressure_c,depth_m,altitude_m
0.00,24.17,1039.30,24.93,0.26,-214.54
1.21,24.14,1039.40,24.93,0.26,-215.35
2.28,24.11,1039.00,24.93,0.26,-212.09
3.36,24.08,1038.90,24.92,0.26,-211.27
4.43,24.05,1039.20,24.92,0.26,-213.72
5.51,24.03,1039.10,24.92,0.26,-212.90
6.58,24.00,1039.20,24.91,0.26,-213.72
7.66,23.97,1038.50,24.91,0.25,-208.01
8.73,23.96,1038.70,24.91,0.25,-209.64
9.81,23.94,1038.80,24.90,0.26,-210.46
10.88,23.94,1038.80,24.90,0.26,-210.46
11.96,23.93,1039.50,24.89,0.26,-216.17
13.03,23.93,1039.00,24.89,0.26,-212.09
14.11,23.94,1038.70,24.89,0.25,-209.64
15.19,23.94,1039.70,24.88,0.26,-217.79
16.26,23.94,1038.80,24.88,0.26,-210.46
17.33,23.94,1039.10,24.88,0.26,-212.90
18.41,23.95,1038.90,24.87,0.26,-211.27
19.49,23.97,1038.80,24.87,0.26,-210.46
20.56,23.97,1038.90,24.87,0.26,-211.27
21.64,23.99,1038.80,24.87,0.26,-210.46
22.71,24.00,1038.90,24.86,0.26,-211.27
23.78,24.00,1038.80,24.86,0.26,-210.46
24.86,24.01,1039.50,24.86,0.26,-216.17
25.93,24.03,1038.90,24.86,0.26,-211.27
27.01,24.03,1038.90,24.86,0.26,-211.27
28.09,24.03,1039.70,24.86,0.26,-217.79
29.16,24.04,1039.30,24.86,0.26,-214.54
30.25,24.03,1038.80,24.86,0.26,-210.46
31.33,24.04,1039.00,24.86,0.26,-212.09
32.40,24.04,1038.80,24.86,0.26,-210.46
33.48,24.05,1038.70,24.85,0.25,-209.64
34.56,24.05,1038.80,24.85,0.26,-210.46
35.63,24.05,1038.90,24.85,0.26,-211.27
36.71,24.05,1038.80,24.84,0.26,-210.46
37.78,24.04,1038.50,24.84,0.25,-208.01
38.86,24.05,1039.20,24.84,0.26,-213.72
39.93,24.05,1038.10,24.84,0.25,-204.75
41.01,24.05,1039.20,24.84,0.26,-213.72
42.09,24.06,1038.80,24.84,0.26,-210.46
43.16,24.07,1038.90,24.84,0.26,-211.27
44.24,24.08,1039.30,24.83,0.26,-214.54
45.31,24.08,1038.80,24.83,0.26,-210.46
46.39,24.08,1039.40,24.83,0.26,-215.35
47.46,24.09,1039.00,24.83,0.26,-212.09
48.54,24.11,1038.30,24.82,0.25,-206.38
49.61,24.11,1039.50,24.83,0.26,-216.17
50.69,24.10,1038.70,24.82,0.25,-209.64
51.76,24.05,1038.10,24.82,0.25,-204.75
52.84,24.03,1038.60,24.82,0.25,-208.83
53.91,24.00,1038.50,24.82,0.25,-208.01
54.99,23.97,1038.80,24.82,0.26,-210.46
56.06,23.95,1038.80,24.81,0.26,-210.46
57.14,23.95,1038.70,24.81,0.25,-209.64
58.21,23.95,1039.40,24.80,0.26,-215.35
59.29,23.95,1038.40,24.80,0.25,-207.20
60.36,23.95,1038.90,24.80,0.26,-211.27
61.44,23.96,1038.30,24.79,0.25,-206.38
62.51,23.96,1039.00,24.79,0.26,-212.09
63.59,23.96,1038.40,24.78,0.25,-207.20
64.66,23.96,1038.20,24.78,0.25,-205.56
65.74,23.97,1039.20,24.78,0.26,-213.72
66.81,23.98,1038.80,24.78,0.26,-210.46
67.89,23.98,1038.90,24.77,0.26,-211.27
68.97,23.99,1039.00,24.77,0.26,-212.09
70.04,24.00,1038.70,24.77,0.25,-209.64
71.12,24.00,1039.40,24.77,0.26,-215.35
72.19,24.01,1039.10,24.76,0.26,-212.90
73.27,24.01,1038.90,24.76,0.26,-211.27
74.34,24.02,1038.60,24.76,0.25,-208.83
75.42,24.02,1038.60,24.76,0.25,-208.83
76.49,24.03,1039.10,24.76,0.26,-212.90
77.57,24.03,1039.00,24.76,0.26,-212.09
78.64,24.04,1038.70,24.76,0.25,-209.64
79.72,24.04,1039.10,24.76,0.26,-212.90
80.79,24.05,1039.10,24.76,0.26,-212.90
81.87,24.05,1039.20,24.76,0.26,-213.72
82.94,24.05,1038.70,24.76,0.25,-209.64
84.02,24.06,1038.70,24.75,0.25,-209.64
85.10,24.07,1038.50,24.75,0.25,-208.01
86.17,24.07,1038.80,24.75,0.26,-210.46
87.25,24.08,1038.80,24.75,0.26,-210.46
88.32,24.08,1038.70,24.75,0.25,-209.64
89.39,24.09,1038.90,24.75,0.26,-211.27
90.47,24.11,1038.60,24.75,0.25,-208.83
91.54,24.11,1038.80,24.74,0.26,-210.46
92.62,24.11,1039.10,24.74,0.26,-212.90
93.69,24.12,1039.10,24.74,0.26,-212.90
94.77,24.13,1039.30,24.74,0.26,-214.54
95.85,24.14,1039.40,24.74,0.26,-215.35
96.94,24.14,1038.60,24.74,0.25,-208.83
98.01,24.14,1038.80,24.73,0.26,-210.46
99.09,24.16,1039.40,24.73,0.26,-215.35
100.16,24.17,1039.00,24.73,0.26,-212.09
101.24,24.17,1038.90,24.73,0.26,-211.27
102.31,24.17,1039.00,24.73,0.26,-212.09
103.39,24.18,1039.00,24.73,0.26,-212.09
104.46,24.18,1038.60,24.73,0.25,-208.83
105.54,24.19,1039.40,24.73,0.26,-215.35
106.61,24.20,1039.40,24.73,0.26,-215.35
107.69,24.20,1039.10,24.73,0.26,-212.90
108.76,24.21,1039.60,24.73,0.26,-216.98
109.84,24.22,1039.10,24.73,0.26,-212.90
110.91,24.23,1038.90,24.74,0.26,-211.27
111.99,24.23,1039.10,24.74,0.26,-212.90
113.06,24.23,1039.40,24.73,0.26,-215.35
114.14,24.23,1038.70,24.73,0.25,-209.64
115.21,24.24,1038.70,24.74,0.25,-209.64
116.29,24.25,1039.00,24.74,0.26,-212.09
117.36,24.25,1039.10,24.74,0.26,-212.90
118.44,24.26,1039.20,24.74,0.26,-213.72
119.51,24.26,1039.00,24.74,0.26,-212.09
120.59,24.26,1038.70,24.74,0.25,-209.64
121.66,24.25,1038.70,24.74,0.25,-209.64
122.74,24.26,1039.30,24.74,0.26,-214.54
123.82,24.26,1038.90,24.74,0.26,-211.27
124.89,24.24,1039.00,24.74,0.26,-212.09
126.54,24.23,1039.20,24.74,0.26,-213.72
127.62,24.23,1039.20,24.75,0.26,-213.72
128.69,24.19,1039.00,24.74,0.26,-212.09
138.23,24.19,1038.70,24.74,0.25,-209.64
139.30,24.19,1039.00,24.74,0.26,-212.09
140.38,24.19,1038.30,24.74,0.25,-206.38
141.45,24.18,1039.30,24.74,0.26,-214.54
142.53,24.18,1039.10,24.74,0.26,-212.90
143.60,24.18,1039.20,24.74,0.26,-213.72
144.68,24.18,1038.70,24.74,0.25,-209.64
145.76,24.19,1039.00,24.74,0.26,-212.09
146.83,24.19,1038.90,24.74,0.26,-211.27
147.90,24.19,1039.30,24.74,0.26,-214.54
148.98,24.20,1039.00,24.74,0.26,-212.09
150.05,24.21,1038.60,24.74,0.25,-208.83
151.13,24.21,1039.90,24.73,0.27,-219.42
152.21,24.22,1038.80,24.73,0.26,-210.46
153.28,24.22,1038.90,24.74,0.26,-211.27
154.35,24.22,1039.10,24.73,0.26,-212.90
155.43,24.23,1039.00,24.73,0.26,-212.09
156.51,24.23,1039.10,24.73,0.26,-212.90
157.58,24.23,1039.40,24.73,0.26,-215.35
158.65,24.23,1039.20,24.73,0.26,-213.72
159.73,24.23,1038.70,24.73,0.25,-209.64
160.81,24.23,1039.40,24.73,0.26,-215.35
161.88,24.23,1039.20,24.74,0.26,-213.72
162.96,24.23,1039.30,24.74,0.26,-214.54
164.03,24.23,1039.40,24.74,0.26,-215.35
165.11,24.24,1039.30,24.74,0.26,-214.54
166.18,24.24,1039.00,24.74,0.26,-212.09
167.26,24.24,1039.40,24.74,0.26,-215.35
168.33,24.25,1039.20,24.74,0.26,-213.72
169.41,24.25,1039.10,24.74,0.26,-212.90
170.49,24.25,1038.70,24.74,0.25,-209.64
171.57,24.26,1039.00,24.74,0.26,-212.09
172.65,24.26,1039.20,24.74,0.26,-213.72
173.72,24.27,1039.90,24.74,0.27,-219.42
174.80,24.27,1039.10,24.74,0.26,-212.90
175.87,24.27,1039.80,24.74,0.27,-218.61
176.95,24.28,1039.30,24.74,0.26,-214.54
178.02,24.28,1038.80,24.74,0.26,-210.46
179.10,24.28,1039.00,24.75,0.26,-212.09
180.17,24.28,1039.30,24.74,0.26,-214.54
181.25,24.28,1039.40,24.75,0.26,-215.35
182.32,24.28,1038.70,24.75,0.25,-209.64
183.40,24.28,1039.20,24.75,0.26,-213.72
184.47,24.28,1039.20,24.75,0.26,-213.72
185.55,24.27,1039.20,24.75,0.26,-213.72
186.63,24.27,1039.50,24.74,0.26,-216.17
187.70,24.27,1039.30,24.75,0.26,-214.54
188.78,24.26,1039.70,24.75,0.26,-217.79
189.85,24.25,1039.60,24.74,0.26,-216.98
190.93,24.24,1039.60,24.75,0.26,-216.98
192.00,24.24,1039.00,24.74,0.26,-212.09
193.08,24.23,1039.50,24.74,0.26,-216.17
194.15,24.22,1039.60,24.74,0.26,-216.98
195.23,24.22,1039.20,24.74,0.26,-213.72
196.30,24.22,1039.70,24.74,0.26,-217.79
197.38,24.22,1038.90,24.74,0.26,-211.27
198.45,24.23,1039.00,24.74,0.26,-212.09
199.53,24.22,1039.40,24.74,0.26,-215.35
200.60,24.22,1039.20,24.74,0.26,-213.72
201.68,24.22,1039.40,24.74,0.26,-215.35
202.76,24.23,1039.00,24.74,0.26,-212.09
203.83,24.23,1039.10,24.74,0.26,-212.90
204.90,24.23,1039.20,24.73,0.26,-213.72
205.98,24.23,1039.60,24.73,0.26,-216.98
207.05,24.23,1039.30,24.73,0.26,-214.54
208.13,24.23,1039.50,24.73,0.26,-216.17
209.21,24.24,1039.00,24.73,0.26,-212.09
210.28,24.24,1039.40,24.73,0.26,-215.35
211.35,24.25,1039.40,24.73,0.26,-215.35
212.43,24.25,1039.40,24.73,0.26,-215.35
213.51,24.25,1039.20,24.73,0.26,-213.72
214.58,24.25,1039.30,24.74,0.26,-214.54
215.66,24.26,1038.90,24.73,0.26,-211.27
216.73,24.26,1039.30,24.73,0.26,-214.54
217.81,24.27,1039.50,24.74,0.26,-216.17
218.88,24.27,1038.90,24.74,0.26,-211.27
219.96,24.28,1039.60,24.74,0.26,-216.98
221.03,24.28,1039.90,24.74,0.27,-219.42
222.11,24.28,1039.50,24.74,0.26,-216.17
223.18,24.28,1039.10,24.74,0.26,-212.90
224.26,24.28,1039.10,24.74,0.26,-212.90
225.33,24.29,1038.90,24.74,0.26,-211.27
226.41,24.29,1039.60,24.74,0.26,-216.98
227.49,24.29,1039.10,24.74,0.26,-212.90
228.56,24.30,1039.30,24.74,0.26,-214.54
229.64,24.30,1039.20,24.75,0.26,-213.72
230.71,24.31,1039.70,24.75,0.26,-217.79
231.79,24.31,1039.30,24.75,0.26,-214.54
232.86,24.31,1039.30,24.75,0.26,-214.54
233.94,24.32,1039.90,24.75,0.27,-219.42
235.01,24.33,1039.30,24.75,0.26,-214.54
236.10,24.32,1039.20,24.75,0.26,-213.72
237.17,24.33,1039.70,24.75,0.26,-217.79
238.25,24.34,1039.00,24.75,0.26,-212.09
239.32,24.34,1039.70,24.76,0.26,-217.79
240.40,24.34,1039.70,24.76,0.26,-217.79
241.48,24.34,1039.10,24.76,0.26,-212.90
242.55,24.34,1039.30,24.76,0.26,-214.54
243.63,24.35,1039.50,24.76,0.26,-216.17
244.70,24.35,1039.40,24.76,0.26,-215.35
245.78,24.34,1039.90,24.77,0.27,-219.42
246.85,24.34,1039.50,24.77,0.26,-216.17
247.93,24.34,1038.90,24.77,0.26,-211.27
249.00,24.34,1039.40,24.77,0.26,-215.35
250.08,24.34,1039.70,24.77,0.26,-217.79
251.15,24.34,1039.20,24.77,0.26,-213.72
252.23,24.34,1039.50,24.77,0.26,-216.17
253.30,24.34,1039.20,24.77,0.26,-213.72
254.38,24.35,1039.80,24.77,0.27,-218.61
255.46,24.34,1039.60,24.78,0.26,-216.98
256.53,24.34,1039.10,24.78,0.26,-212.90
257.61,24.34,1039.30,24.77,0.26,-214.54
258.68,24.34,1039.30,24.78,0.26,-214.54
259.76,24.34,1039.50,24.78,0.26,-216.17
260.83,24.34,1039.30,24.78,0.26,-214.54
261.90,24.34,1039.40,24.78,0.26,-215.35
262.98,24.34,1039.80,24.78,0.27,-218.61
264.05,24.34,1039.30,24.78,0.26,-214.54
265.13,24.34,1039.40,24.78,0.26,-215.35
266.20,24.34,1039.30,24.78,0.26,-214.54
267.28,24.34,1038.90,24.78,0.26,-211.27
268.36,24.34,1039.00,24.79,0.26,-212.09
269.43,24.32,1039.40,24.79,0.26,-215.35
270.51,24.31,1039.20,24.79,0.26,-213.72
271.58,24.30,1039.40,24.79,0.26,-215.35
272.66,24.29,1039.20,24.79,0.26,-213.72
273.73,24.28,1039.70,24.79,0.26,-217.79
274.81,24.28,1039.30,24.79,0.26,-214.54
275.88,24.27,1039.80,24.78,0.27,-218.61
276.96,24.26,1039.40,24.78,0.26,-215.35
278.03,24.24,1039.30,24.79,0.26,-214.54
279.11,24.23,1039.30,24.78,0.26,-214.54
280.19,24.23,1039.30,24.78,0.26,-214.54
281.26,24.23,1039.00,24.78,0.26,-212.09
282.34,24.23,1038.90,24.78,0.26,-211.27
283.41,24.22,1040.10,24.78,0.27,-221.05
284.49,24.23,1039.70,24.78,0.26,-217.79
285.56,24.23,1039.70,24.78,0.26,-217.79
286.64,24.23,1039.20,24.77,0.26,-213.72
287.71,24.23,1039.90,24.77,0.27,-219.42
288.79,24.23,1039.40,24.78,0.26,-215.35
289.86,24.23,1039.40,24.77,0.26,-215.35
290.94,24.23,1039.70,24.77,0.26,-217.79
292.01,24.23,1038.90,24.77,0.26,-211.27
293.09,24.23,1039.80,24.77,0.27,-218.61
294.16,24.23,1039.20,24.77,0.26,-213.72
295.23,24.23,1039.80,24.77,0.27,-218.61
296.31,24.23,1039.20,24.77,0.26,-213.72
297.38,24.23,1039.80,24.77,0.27,-218.61
298.46,24.23,1038.90,24.77,0.26,-211.27
299.53,24.22,1039.30,24.77,0.26,-214.54
300.61,24.22,1039.40,24.77,0.26,-215.35
301.68,24.22,1039.20,24.76,0.26,-213.72
302.77,24.22,1039.10,24.76,0.26,-212.90
303.85,24.22,1039.30,24.76,0.26,-214.54
304.92,24.22,1040.00,24.76,0.27,-220.24
306.00,24.22,1039.40,24.76,0.26,-215.35
307.07,24.22,1038.60,24.76,0.25,-208.83
308.15,24.22,1039.30,24.76,0.26,-214.54
309.22,24.23,1039.70,24.76,0.26,-217.79
310.30,24.23,1039.70,24.76,0.26,-217.79
311.37,24.23,1039.20,24.76,0.26,-213.72
312.45,24.23,1039.50,24.76,0.26,-216.17
313.52,24.24,1039.40,24.76,0.26,-215.35
314.60,24.24,1039.10,24.76,0.26,-212.90
315.67,24.24,1039.00,24.76,0.26,-212.09
316.75,24.25,1039.40,24.76,0.26,-215.35
317.82,24.25,1039.00,24.76,0.26,-212.09
318.90,24.25,1038.90,24.76,0.26,-211.27
319.98,24.26,1039.50,24.76,0.26,-216.17
321.05,24.26,1039.90,24.76,0.27,-219.42
322.13,24.27,1039.80,24.76,0.27,-218.61
323.20,24.27,1039.10,24.76,0.26,-212.90
324.28,24.28,1038.90,24.76,0.26,-211.27
325.35,24.28,1039.30,24.76,0.26,-214.54
326.43,24.28,1039.00,24.76,0.26,-212.09
327.50,24.28,1038.80,24.76,0.26,-210.46
328.58,24.29,1039.40,24.76,0.26,-215.35
329.65,24.29,1039.10,24.76,0.26,-212.90
330.73,24.30,1039.00,24.77,0.26,-212.09
331.80,24.30,1038.70,24.77,0.25,-209.64
332.88,24.30,1039.40,24.77,0.26,-215.35
333.95,24.31,1039.40,24.77,0.26,-215.35
335.03,24.31,1038.70,24.77,0.25,-209.64
336.11,24.32,1038.70,24.77,0.25,-209.64
337.18,24.32,1039.20,24.77,0.26,-213.72
338.26,24.32,1038.90,24.77,0.26,-211.27
339.33,24.33,1039.60,24.77,0.26,-216.98
340.40,24.33,1039.30,24.77,0.26,-214.54
341.48,24.34,1039.10,24.78,0.26,-212.90
342.55,24.34,1039.70,24.78,0.26,-217.79
343.63,24.34,1039.60,24.78,0.26,-216.98
344.70,24.34,1039.80,24.78,0.27,-218.61
345.78,24.34,1039.30,24.78,0.26,-214.54
346.86,24.35,1039.70,24.79,0.26,-217.79
347.93,24.35,1039.10,24.79,0.26,-212.90
349.01,24.35,1040.00,24.79,0.27,-220.24
350.08,24.36,1039.10,24.79,0.26,-212.90
351.16,24.36,1039.30,24.79,0.26,-214.54
352.23,24.36,1039.60,24.79,0.26,-216.98
353.31,24.37,1039.00,24.79,0.26,-212.09
354.38,24.37,1039.70,24.80,0.26,-217.79
355.46,24.37,1039.00,24.80,0.26,-212.09
356.53,24.38,1039.10,24.80,0.26,-212.90
357.61,24.38,1039.00,24.80,0.26,-212.09
358.68,24.39,1039.20,24.81,0.26,-213.72
359.76,24.39,1039.40,24.80,0.26,-215.35
360.84,24.39,1039.40,24.81,0.26,-215.35
361.91,24.39,1039.50,24.81,0.26,-216.17
362.99,24.40,1039.70,24.81,0.26,-217.79
364.06,24.40,1039.20,24.81,0.26,-213.72
365.14,24.40,1039.60,24.82,0.26,-216.98
366.21,24.40,1039.40,24.82,0.26,-215.35
367.29,24.40,1039.20,24.82,0.26,-213.72
368.37,24.40,1039.10,24.82,0.26,-212.90
369.45,24.40,1039.10,24.82,0.26,-212.90
370.52,24.40,1039.40,24.82,0.26,-215.35
371.60,24.41,1039.90,24.82,0.27,-219.42
372.67,24.41,1039.00,24.82,0.26,-212.09
373.75,24.42,1039.20,24.82,0.26,-213.72
374.83,24.42,1039.30,24.83,0.26,-214.54
375.90,24.43,1039.50,24.83,0.26,-216.17
376.98,24.43,1039.60,24.83,0.26,-216.98
378.05,24.43,1039.50,24.83,0.26,-216.17
379.13,24.43,1038.30,24.83,0.25,-206.38
380.20,24.43,1039.30,24.84,0.26,-214.54
381.28,24.44,1039.40,24.84,0.26,-215.35
382.35,24.44,1039.20,24.84,0.26,-213.72
383.50,24.44,1038.90,24.84,0.26,-211.27
