# seconds,temp_c,pressure_mbar,temp_from_pressure_c,depth_m,altitude_m,analog_0,analog_1,analog_2,analog_3
0.00,ovf,36986596.00,-2273.69,366518.94,-282744.53,855,334,380,239
1.46,ovf,36986596.00,-2273.69,366518.94,-282744.53,853,336,353,215
2.54,ovf,36986596.00,-2273.69,366518.94,-282744.53,845,282,304,172
3.62,ovf,36986596.00,-2273.69,366518.94,-282744.53,848,267,292,165
4.69,ovf,36986596.00,-2273.69,366518.94,-282744.53,854,285,304,168
5.77,ovf,36986596.00,-2273.69,366518.94,-282744.53,853,281,288,160
6.85,ovf,36986596.00,-2273.69,366518.94,-282744.53,868,321,326,171
7.93,ovf,36986596.00,-2273.69,366518.94,-282744.53,843,283,303,153
9.01,ovf,36986596.00,-2273.69,366518.94,-282744.53,843,296,306,153
10.09,ovf,36986596.00,-2273.69,366518.94,-282744.53,842,285,288,151
11.17,ovf,-7944.20,-1096.38,-88.76,nan,852,567,577,144
12.24,ovf,-7943.40,-1096.35,-88.76,nan,827,215,268,151
13.32,ovf,-7943.30,-1096.34,-88.75,nan,829,287,272,149
14.40,ovf,-7943.60,-1096.33,-88.76,nan,799,431,273,142
15.48,ovf,-7943.00,-1096.32,-88.75,nan,810,418,270,145
16.55,585.95,-7943.20,-1096.31,-88.75,nan,799,369,269,143
17.63,775.46,-7943.10,-1096.31,-88.75,nan,801,358,239,133
18.71,775.41,-7942.80,-1096.29,-88.75,nan,856,304,319,155
19.79,775.36,-7942.50,-1096.30,-88.75,nan,867,251,268,155
20.87,775.31,-7942.50,-1096.28,-88.75,nan,848,332,301,134
21.94,775.31,-7942.90,-1096.29,-88.75,nan,849,347,341,172
23.02,775.26,-7942.30,-1096.27,-88.75,nan,869,262,207,143
24.10,775.26,-7942.60,-1096.28,-88.75,nan,857,271,281,148
25.18,775.26,-7942.40,-1096.26,-88.75,nan,846,339,301,137
26.26,775.26,-7942.30,-1096.26,-88.75,nan,857,263,270,103
27.34,775.21,-7942.60,-1096.26,-88.75,nan,847,191,221,159
28.42,775.16,-7942.30,-1096.24,-88.75,nan,845,329,316,155
29.49,775.16,-7942.10,-1096.24,-88.74,nan,861,314,301,148
30.57,775.11,-7941.40,-1096.22,-88.74,nan,852,301,311,158
31.65,775.11,-7941.70,-1096.22,-88.74,nan,848,292,299,158
32.73,775.11,-7942.00,-1096.22,-88.74,nan,845,307,311,157
33.81,775.11,-7942.10,-1096.22,-88.74,nan,847,292,304,167
34.88,775.11,-7940.10,-1096.13,-88.72,nan,867,349,349,172
35.97,775.11,-7941.70,-1096.20,-88.74,nan,870,278,303,158
37.04,775.06,-7941.30,-1096.16,-88.74,nan,848,379,367,199
38.12,775.06,-7941.60,-1096.16,-88.74,nan,848,301,294,161
39.20,775.01,-7941.10,-1096.14,-88.73,nan,855,280,279,153
40.28,775.06,-7940.20,-1096.12,-88.72,nan,846,563,330,279
41.35,775.01,-7940.20,-1096.10,-88.72,nan,845,556,373,333
42.43,775.01,-7940.10,-1096.08,-88.72,nan,855,368,308,230
43.51,775.01,-7940.20,-1096.07,-88.72,nan,848,159,240,153
44.59,774.96,-7939.80,-1096.05,-88.72,nan,845,493,428,176
45.67,774.96,-7938.70,-1096.01,-88.71,nan,849,324,319,147
46.75,774.96,-7928.20,-1095.57,-88.61,nan,848,397,438,212
47.83,774.96,-7928.70,-1095.58,-88.61,nan,846,279,287,138
48.91,774.96,-7928.30,-1095.56,-88.61,nan,847,234,258,154
50.00,775.01,-7927.70,-1095.52,-88.60,nan,866,319,379,309
51.07,775.01,-7927.00,-1095.48,-88.59,nan,852,305,301,156
52.15,775.06,-7928.20,-1095.54,-88.61,nan,848,348,338,170
53.23,775.06,-7931.30,-1095.67,-88.64,nan,854,535,542,316
54.31,775.11,-7935.40,-1095.83,-88.68,nan,849,251,848,122
55.39,775.21,-7935.50,-1095.82,-88.68,nan,846,268,842,123
56.47,775.31,-7935.70,-1095.80,-88.68,nan,850,274,803,118
57.54,775.36,-7934.90,-1095.77,-88.67,nan,853,284,843,121
58.62,775.36,-7934.50,-1095.75,-88.67,nan,854,275,830,125
59.70,775.36,-7934.40,-1095.73,-88.67,nan,850,274,677,120
60.78,775.41,-7934.00,-1095.71,-88.66,nan,848,273,583,133
61.86,775.36,-7933.80,-1095.67,-88.66,nan,846,274,478,133
62.94,775.36,-7933.40,-1095.66,-88.66,nan,850,287,399,144
64.02,775.36,-7933.60,-1095.65,-88.66,nan,845,273,362,151
65.09,775.31,-7933.00,-1095.62,-88.65,nan,849,271,332,150
66.17,775.36,-7932.70,-1095.61,-88.65,nan,848,279,314,156
67.25,775.36,-7932.90,-1095.60,-88.65,nan,845,276,293,146
68.33,775.36,-7932.70,-1095.58,-88.65,nan,853,270,235,144
69.41,775.36,-7932.00,-1095.56,-88.64,nan,848,279,283,150
70.48,775.36,-7930.20,-1095.46,-88.63,nan,865,287,159,156
71.56,775.31,-7927.30,-1095.35,-88.60,nan,848,253,254,101
72.64,775.31,-7926.30,-1095.29,-88.59,nan,844,264,292,153
73.72,775.36,-7926.60,-1095.28,-88.59,nan,867,305,312,151
74.80,775.31,-7928.60,-1095.37,-88.61,nan,846,324,367,353
75.88,775.36,-7930.90,-1095.45,-88.63,nan,849,272,781,204
76.96,775.36,-7930.40,-1095.45,-88.63,nan,853,254,782,125
78.03,775.41,-7930.30,-1095.41,-88.63,nan,851,267,598,134
79.11,775.46,-7930.60,-1095.42,-88.63,nan,847,268,457,142
80.19,775.46,-7930.10,-1095.41,-88.62,nan,848,276,368,175
81.27,775.46,-7929.70,-1095.38,-88.62,nan,851,279,303,164
82.35,775.46,-7929.70,-1095.37,-88.62,nan,849,268,301,165
83.43,775.51,-7930.10,-1095.37,-88.62,nan,852,274,296,168
84.50,775.56,-7929.40,-1095.35,-88.62,nan,853,272,294,118
85.58,775.56,-7929.00,-1095.34,-88.61,nan,853,271,275,160
86.66,775.62,-7928.90,-1095.31,-88.61,nan,848,284,282,165
87.74,775.62,-7929.00,-1095.31,-88.61,nan,848,281,276,164
88.82,775.67,-7928.50,-1095.28,-88.61,nan,849,271,268,163
89.89,775.72,-7928.40,-1095.28,-88.61,nan,850,284,280,165
90.97,775.72,-7928.30,-1095.26,-88.61,nan,853,270,254,159
92.05,775.77,-7928.10,-1095.26,-88.60,nan,847,270,220,157
93.13,775.87,-7928.00,-1095.24,-88.60,nan,847,277,277,157
94.21,775.87,-7927.60,-1095.22,-88.60,nan,853,270,296,167
95.29,775.92,-7927.40,-1095.20,-88.60,nan,867,269,275,155
96.36,775.92,-7927.60,-1095.20,-88.60,nan,847,275,269,158
97.44,775.97,-7922.10,-1094.95,-88.54,nan,852,280,296,92
98.52,776.02,-7922.00,-1094.96,-88.54,nan,848,277,260,152
99.60,776.02,-7920.90,-1094.90,-88.53,nan,844,294,241,151
100.68,776.02,-7919.90,-1094.85,-88.52,nan,848,285,290,156
101.76,776.02,-7921.10,-1094.90,-88.53,nan,847,302,319,152
102.84,776.07,-7921.00,-1094.88,-88.53,nan,854,277,284,160
103.91,776.07,-7920.60,-1094.86,-88.53,nan,845,268,294,159
104.99,776.07,-7921.50,-1094.90,-88.54,nan,848,278,291,147
106.07,776.07,-7921.40,-1094.90,-88.54,nan,869,280,295,150
107.15,776.07,-7925.80,-1095.07,-88.58,nan,850,250,267,146
108.23,776.07,-7925.90,-1095.07,-88.58,nan,848,276,289,156
109.30,776.07,-7925.70,-1095.05,-88.58,nan,855,479,457,214
110.39,776.07,-7926.00,-1095.05,-88.58,nan,848,316,331,193
111.46,776.07,-7925.80,-1095.05,-88.58,nan,856,271,279,148
112.54,776.12,-7925.20,-1095.01,-88.58,nan,845,296,307,154
113.63,776.17,-7925.10,-1094.99,-88.57,nan,869,243,251,145
114.71,776.12,-7924.60,-1094.98,-88.57,nan,848,171,194,149
115.79,776.17,-7924.70,-1094.96,-88.57,nan,844,315,319,155
116.86,776.17,-7924.40,-1094.95,-88.57,nan,871,278,229,139
117.94,776.22,-7923.90,-1094.91,-88.56,nan,848,281,287,153
119.02,776.22,-7923.90,-1094.88,-88.56,nan,854,292,303,152
120.10,776.22,-7922.50,-1094.84,-88.55,nan,852,196,221,154
121.18,776.22,-7922.30,-1094.83,-88.55,nan,845,287,298,156
122.26,776.27,-7922.40,-1094.81,-88.55,nan,847,262,287,153
123.34,ovf,-7922.80,-1094.80,-88.55,nan,862,255,267,148
124.41,ovf,-7922.40,-1094.78,-88.55,nan,849,259,280,155
125.49,ovf,-7921.60,-1094.75,-88.54,nan,847,257,274,154
126.57,ovf,36986596.00,-2273.69,366518.94,-282744.53,850,240,246,153
127.64,ovf,36986596.00,-2273.69,366518.94,-282744.53,862,280,228,148
128.73,ovf,36986596.00,-2273.69,366518.94,-282744.53,849,273,288,156
129.80,ovf,36986596.00,-2273.69,366518.94,-282744.53,853,270,285,153
130.88,ovf,36986596.00,-2273.69,366518.94,-282744.53,867,281,296,156
131.96,ovf,36986596.00,-2273.69,366518.94,-282744.53,869,285,300,117
133.04,ovf,36986596.00,-2273.69,366518.94,-282744.53,846,259,266,151
134.12,ovf,36986596.00,-2273.69,366518.94,-282744.53,847,272,297,149
135.19,ovf,36986596.00,-2273.69,366518.94,-282744.53,847,222,240,144
136.27,ovf,36986596.00,-2273.69,366518.94,-282744.53,868,308,272,138
137.35,ovf,36986596.00,-2273.69,366518.94,-282744.53,848,176,193,133
138.43,ovf,36986596.00,-2273.69,366518.94,-282744.53,866,157,255,160
139.51,ovf,36986596.00,-2273.69,366518.94,-282744.53,850,443,417,183
140.59,ovf,36986596.00,-2273.69,366518.94,-282744.53,851,275,293,152
141.66,ovf,36986596.00,-2273.69,366518.94,-282744.53,864,267,288,162
142.74,ovf,36986596.00,-2273.69,366518.94,-282744.53,851,266,290,143
143.82,ovf,7759.90,-1095.22,66.86,-20962.78,844,236,282,158
144.90,ovf,-7916.20,-1094.34,-88.49,nan,856,268,292,156
145.98,ovf,-7916.00,-1094.31,-88.48,nan,852,275,284,154
147.06,776.83,7679.40,-1095.13,66.06,-20833.39,860,301,293,156
148.13,776.83,-7915.10,-1094.26,-88.48,nan,856,300,306,170
149.21,776.83,-7914.70,-1094.23,-88.47,nan,845,255,262,150
150.29,776.83,-7914.70,-1094.22,-88.47,nan,848,272,283,144
151.37,776.83,-7914.30,-1094.18,-88.47,nan,850,389,370,162
152.45,776.78,-7914.00,-1094.17,-88.46,nan,849,216,290,161
153.52,776.78,-7914.10,-1094.16,-88.47,nan,845,280,296,173
154.61,776.73,-7913.50,-1094.13,-88.46,nan,847,260,292,154
155.68,776.73,-7912.90,-1094.11,-88.45,nan,868,299,290,155
156.76,776.78,-7913.10,-1094.09,-88.46,nan,848,236,271,154
157.84,776.73,-7912.80,-1094.07,-88.45,nan,849,677,649,637
158.92,776.73,-7912.50,-1094.05,-88.45,nan,849,241,272,177
160.00,776.73,-7912.20,-1094.03,-88.45,nan,866,297,294,152
161.07,776.78,-7911.80,-1094.02,-88.44,nan,866,147,190,149
162.15,776.78,-7911.60,-1093.99,-88.44,nan,847,258,212,165
163.23,776.78,-7911.20,-1093.97,-88.44,nan,845,251,276,161
164.31,776.78,-7910.80,-1093.94,-88.43,nan,846,389,361,141
165.39,776.78,-7911.10,-1093.94,-88.44,nan,869,357,291,121
166.47,776.78,-7911.10,-1093.93,-88.44,nan,845,280,279,146
167.54,776.78,-7910.50,-1093.92,-88.43,nan,869,284,304,154
168.62,776.78,-7910.40,-1093.90,-88.43,nan,847,292,313,153
169.70,776.78,-7910.40,-1093.88,-88.43,nan,848,344,343,169
170.78,776.78,-7909.90,-1093.86,-88.42,nan,870,261,268,148
171.86,776.73,-7909.90,-1093.86,-88.42,nan,850,277,292,152
172.94,776.73,-7909.30,-1093.83,-88.42,nan,870,284,291,147
174.02,776.68,-7909.00,-1093.81,-88.42,nan,844,270,289,154
175.09,776.68,-7909.50,-1093.82,-88.42,nan,867,211,237,153
176.17,776.73,-7909.50,-1093.81,-88.42,nan,846,240,254,156
177.25,776.68,-7908.40,-1093.77,-88.41,nan,850,326,341,153
178.34,776.68,-7908.80,-1093.77,-88.41,nan,863,325,323,149
179.42,776.68,-7908.00,-1093.74,-88.41,nan,868,263,257,144
180.50,776.68,-7908.60,-1093.75,-88.41,nan,851,220,250,187
181.58,776.63,-7908.30,-1093.75,-88.41,nan,848,152,187,154
182.65,776.63,-7908.30,-1093.73,-88.41,nan,851,270,228,144
183.73,776.58,-7907.70,-1093.69,-88.40,nan,850,874,396,438
184.81,776.58,-7905.30,-1093.58,-88.38,nan,847,153,173,142
185.89,776.53,-7907.30,-1093.69,-88.40,nan,844,269,310,159
186.97,776.48,-7906.80,-1093.66,-88.39,nan,846,179,199,144
188.04,776.48,-7907.20,-1093.68,-88.40,nan,845,237,262,148
189.12,776.43,-7905.70,-1093.60,-88.38,nan,847,341,264,178
190.20,776.48,-7903.40,-1093.50,-88.36,nan,844,670,495,188
191.28,776.48,-7903.30,-1093.49,-88.36,nan,849,341,301,141
192.36,776.53,-7904.50,-1093.54,-88.37,nan,865,247,254,100
193.44,776.58,-7903.10,-1093.47,-88.36,nan,848,255,265,149
194.52,776.63,-7903.20,-1093.45,-88.36,nan,847,237,264,155
195.59,776.63,-7903.10,-1093.47,-88.36,nan,849,234,254,104
196.67,776.68,-7903.00,-1093.45,-88.36,nan,850,251,274,154
197.75,776.68,-7902.70,-1093.43,-88.35,nan,845,262,287,148
198.83,776.73,-7903.10,-1093.45,-88.36,nan,845,267,281,147
199.91,776.73,-7902.60,-1093.43,-88.35,nan,845,259,278,156
200.99,776.78,-7902.40,-1093.40,-88.35,nan,848,252,272,142
202.07,776.78,-7902.30,-1093.39,-88.35,nan,846,310,330,160
203.14,776.78,-7902.60,-1093.42,-88.35,nan,851,284,302,156
204.22,776.83,-7903.70,-1093.45,-88.36,nan,845,269,287,380
205.30,776.78,-7904.20,-1093.46,-88.37,nan,867,272,283,151
206.38,776.88,-7903.90,-1093.45,-88.36,nan,850,276,222,96
207.46,776.88,-7903.90,-1093.45,-88.36,nan,855,266,273,143
208.53,776.93,-7903.70,-1093.43,-88.36,nan,847,266,221,141
209.61,776.98,-7903.40,-1093.42,-88.36,nan,855,270,287,146
210.69,776.98,-7903.60,-1093.43,-88.36,nan,844,274,293,153
211.77,776.98,-7903.10,-1093.41,-88.36,nan,851,272,289,146
212.85,776.98,-7903.10,-1093.39,-88.36,nan,848,277,285,146
213.93,777.03,-7903.40,-1093.39,-88.36,nan,844,271,279,151
215.00,777.03,-7903.20,-1093.37,-88.36,nan,845,274,228,145
216.08,776.98,-7903.10,-1093.37,-88.36,nan,856,280,289,152
217.16,776.93,-7902.60,-1093.35,-88.35,nan,845,271,279,151
218.24,776.98,-7902.80,-1093.34,-88.35,nan,847,277,280,152
219.32,776.98,-7902.70,-1093.34,-88.35,nan,845,266,288,159
220.40,776.98,-7902.50,-1093.33,-88.35,nan,848,277,289,149
221.48,776.98,-7902.30,-1093.31,-88.35,nan,847,268,290,107
222.55,776.98,-7902.20,-1093.30,-88.35,nan,852,285,281,147
223.63,776.98,-7901.50,-1093.28,-88.34,nan,848,274,225,142
224.71,776.98,-7901.90,-1093.28,-88.34,nan,853,274,279,145
225.79,776.93,-7902.40,-1093.30,-88.35,nan,845,272,295,146
226.87,776.98,-7901.90,-1093.28,-88.34,nan,866,262,290,153
227.95,776.98,-7901.90,-1093.28,-88.34,nan,850,283,281,146
229.02,776.93,-7901.60,-1093.26,-88.34,nan,846,262,289,148
230.10,776.98,-7901.10,-1093.24,-88.34,nan,846,278,292,145
231.18,776.98,-7901.50,-1093.26,-88.34,nan,846,260,224,147
232.26,776.98,-7901.20,-1093.24,-88.34,nan,847,275,279,146
233.34,776.98,-7901.60,-1093.24,-88.34,nan,844,278,291,145
234.41,776.98,-7901.10,-1093.22,-88.34,nan,845,273,284,152
235.49,776.93,-7901.30,-1093.24,-88.34,nan,844,277,289,149
236.57,776.93,-7901.20,-1093.23,-88.34,nan,846,277,281,148
237.65,776.93,-7900.90,-1093.22,-88.33,nan,848,277,283,144
238.73,776.98,-7900.80,-1093.21,-88.33,nan,845,268,289,152
239.81,776.93,-7900.40,-1093.19,-88.33,nan,868,280,296,159
240.88,776.93,-7900.70,-1093.21,-88.33,nan,868,263,278,151
241.96,776.93,-7901.10,-1093.20,-88.34,nan,851,275,280,151
243.05,776.88,-7900.90,-1093.19,-88.33,nan,844,277,286,154
244.13,776.88,-7900.50,-1093.19,-88.33,nan,845,265,283,146
245.21,776.83,-7900.20,-1093.18,-88.33,nan,847,265,284,153
246.29,776.83,-7900.70,-1093.18,-88.33,nan,845,265,277,147
247.37,776.83,-7900.30,-1093.17,-88.33,nan,847,271,279,146
248.45,776.83,-7900.00,-1093.17,-88.33,nan,846,262,289,151
249.52,776.88,-7900.70,-1093.16,-88.33,nan,850,278,225,143
250.60,776.83,-7900.50,-1093.16,-88.33,nan,848,276,290,156
251.68,776.83,-7899.90,-1093.15,-88.32,nan,850,281,284,156
252.76,776.83,-7900.30,-1093.14,-88.33,nan,848,275,284,144
253.84,776.78,-7900.10,-1093.14,-88.33,nan,845,268,293,144
254.92,776.78,-7899.80,-1093.13,-88.32,nan,848,276,279,151
255.99,776.73,-7899.70,-1093.13,-88.32,nan,864,275,281,149
257.07,776.68,-7900.00,-1093.13,-88.33,nan,846,262,275,146
258.15,776.68,-7900.10,-1093.13,-88.33,nan,844,278,290,157
259.23,776.68,-7899.20,-1093.09,-88.32,nan,844,262,288,157
260.31,776.68,-7899.40,-1093.09,-88.32,nan,852,263,281,145
261.39,776.68,-7899.70,-1093.11,-88.32,nan,849,279,284,152
262.46,776.68,-7899.50,-1093.09,-88.32,nan,845,273,286,153
263.54,776.73,-7899.20,-1093.07,-88.32,nan,865,269,284,155
264.62,776.73,-7898.70,-1093.08,-88.31,nan,852,274,290,155
265.70,776.73,-7899.30,-1093.07,-88.32,nan,847,266,288,155
266.78,776.78,-7899.30,-1093.07,-88.32,nan,852,280,293,149
267.86,776.73,-7898.60,-1093.05,-88.31,nan,845,272,278,153
268.93,776.73,-7899.00,-1093.07,-88.32,nan,853,272,293,149
270.01,776.73,-7898.60,-1093.04,-88.31,nan,844,275,289,148
271.09,776.73,-7898.70,-1093.04,-88.31,nan,850,283,280,154
272.17,776.73,-7898.50,-1093.03,-88.31,nan,847,267,278,152
273.25,776.73,-7898.10,-1093.02,-88.31,nan,853,275,280,155
274.33,776.78,-7898.30,-1093.02,-88.31,nan,853,265,287,150
275.40,776.78,-7898.40,-1093.02,-88.31,nan,851,274,295,149
276.48,776.73,-7898.40,-1093.02,-88.31,nan,867,272,288,154
277.56,776.73,-7898.10,-1093.02,-88.31,nan,846,277,281,144
278.64,776.68,-7898.40,-1092.99,-88.31,nan,847,270,293,149
279.72,776.63,-7897.60,-1092.98,-88.30,nan,852,279,285,149
280.80,776.63,-7898.20,-1092.99,-88.31,nan,865,274,290,155
281.87,776.63,-7897.90,-1092.97,-88.31,nan,848,376,387,235
283.04,776.63,-7897.30,-1092.94,-88.30,nan,847,265,282,156
284.28,776.68,-7897.50,-1092.96,-88.30,nan,864,278,223,144
285.49,776.68,-7897.10,-1092.94,-88.30,nan,854,274,224,146
286.57,776.73,-7897.10,-1092.94,-88.30,nan,868,275,289,146
287.64,776.73,-7896.50,-1092.92,-88.29,nan,850,280,294,146
288.72,776.78,-7896.90,-1092.92,-88.30,nan,848,280,290,153
289.80,776.83,-7896.50,-1092.90,-88.29,nan,847,266,292,154
290.88,776.88,-7897.00,-1092.92,-88.30,nan,845,265,277,149
291.96,776.93,-7896.70,-1092.90,-88.29,nan,847,279,282,152
293.04,776.98,-7896.40,-1092.88,-88.29,nan,844,274,291,145
294.12,777.03,-7895.90,-1092.87,-88.29,nan,848,274,223,141
295.19,777.08,-7896.00,-1092.86,-88.29,nan,845,272,291,151
296.27,777.13,-7896.00,-1092.86,-88.29,nan,864,281,290,155
297.35,777.19,-7895.90,-1092.85,-88.29,nan,851,268,276,154
298.43,777.24,-7896.10,-1092.85,-88.29,nan,850,275,282,143
299.51,777.29,-7895.90,-1092.84,-88.29,nan,862,257,283,143
300.58,777.34,-7895.50,-1092.83,-88.28,nan,851,275,281,144
301.67,777.39,-7895.30,-1092.81,-88.28,nan,850,278,224,148
302.74,777.39,-7895.40,-1092.79,-88.28,nan,847,268,290,105
303.82,777.44,-7895.30,-1092.79,-88.28,nan,849,271,281,151
304.90,777.44,-7895.10,-1092.79,-88.28,nan,853,275,280,105
305.98,777.44,-7895.50,-1092.79,-88.28,nan,848,276,278,153
307.05,777.49,-7895.20,-1092.79,-88.28,nan,844,274,291,148
308.13,777.49,-7894.70,-1092.77,-88.27,nan,853,274,226,146
309.22,777.49,-7894.80,-1092.77,-88.27,nan,846,277,280,155
310.30,777.44,-7894.70,-1092.77,-88.27,nan,844,274,290,153
311.38,777.44,-7894.90,-1092.75,-88.28,nan,855,274,292,155
312.46,777.44,-7894.90,-1092.75,-88.28,nan,843,268,277,145
313.54,777.44,-7894.40,-1092.74,-88.27,nan,865,270,222,146
314.62,777.44,-7894.70,-1092.74,-88.27,nan,867,269,287,144
315.69,777.44,-7894.60,-1092.73,-88.27,nan,864,262,288,153
316.77,777.49,-7895.20,-1092.75,-88.28,nan,847,266,291,153
317.85,777.49,-7894.30,-1092.73,-88.27,nan,867,275,289,153
318.93,777.49,-7894.20,-1092.74,-88.27,nan,847,269,280,153
320.01,777.49,-7894.60,-1092.75,-88.27,nan,864,275,284,153
321.09,777.49,-7894.80,-1092.75,-88.27,nan,849,270,294,155
322.17,777.54,-7894.20,-1092.73,-88.27,nan,854,265,285,146
323.24,777.54,-7894.00,-1092.72,-88.27,nan,848,279,281,150
324.32,777.49,-7894.50,-1092.74,-88.27,nan,847,267,286,155
325.40,777.49,-7894.60,-1092.73,-88.27,nan,847,273,282,152
326.48,777.44,-7894.40,-1092.73,-88.27,nan,845,271,287,146
327.55,777.44,-7894.60,-1092.73,-88.27,nan,847,273,291,145
328.63,777.44,-7894.10,-1092.72,-88.27,nan,847,266,292,157
329.71,777.44,-7894.20,-1092.72,-88.27,nan,844,274,224,137
330.79,777.44,-7894.40,-1092.73,-88.27,nan,847,269,285,146
331.87,777.49,-7894.40,-1092.73,-88.27,nan,865,267,285,149
332.95,777.49,-7894.70,-1092.73,-88.27,nan,869,264,288,152
334.03,777.49,-7894.50,-1092.73,-88.27,nan,844,278,293,147
335.10,777.49,-7894.50,-1092.73,-88.27,nan,845,263,282,151
336.18,777.49,-7894.40,-1092.71,-88.27,nan,846,274,291,145
337.26,777.49,-7894.00,-1092.72,-88.27,nan,851,268,292,155
338.34,777.49,-7894.10,-1092.71,-88.27,nan,852,279,289,148
339.42,777.54,-7894.30,-1092.72,-88.27,nan,864,261,278,151
340.50,777.54,-7894.40,-1092.71,-88.27,nan,852,279,290,153
341.58,777.54,-7893.90,-1092.70,-88.27,nan,854,283,290,154
342.65,777.54,-7894.20,-1092.72,-88.27,nan,845,272,290,104
343.73,777.54,-7894.20,-1092.71,-88.27,nan,845,275,285,150
344.81,777.59,-7894.10,-1092.71,-88.27,nan,847,271,285,152
345.89,777.54,-7894.10,-1092.71,-88.27,nan,844,276,227,141
346.96,777.54,-7893.90,-1092.70,-88.27,nan,848,276,289,152
348.05,777.44,-7894.50,-1092.72,-88.27,nan,845,269,281,151
349.12,777.49,-7894.10,-1092.71,-88.27,nan,845,264,287,149
350.20,777.44,-7894.50,-1092.73,-88.27,nan,847,263,284,143
351.28,777.44,-7894.10,-1092.70,-88.27,nan,850,275,282,153
352.36,777.44,-7893.90,-1092.71,-88.27,nan,846,262,288,153
353.44,777.49,-7894.60,-1092.73,-88.27,nan,845,273,287,150
354.51,777.49,-7894.10,-1092.71,-88.27,nan,850,280,293,150
355.59,777.49,-7894.50,-1092.73,-88.27,nan,849,274,289,150
356.67,777.49,-7894.00,-1092.72,-88.27,nan,844,281,283,148
357.75,777.49,-7894.40,-1092.72,-88.27,nan,857,270,290,155
359.59,777.49,-7894.50,-1092.73,-88.27,nan,864,261,286,154
361.00,777.49,-7894.30,-1092.72,-88.27,nan,845,265,280,105
362.42,777.49,-7894.60,-1092.73,-88.27,nan,846,259,286,153
363.83,777.54,-7894.20,-1092.72,-88.27,nan,855,269,282,154
364.91,777.54,-7894.20,-1092.72,-88.27,nan,850,259,285,149
365.99,777.54,-7894.50,-1092.72,-88.27,nan,846,275,287,148
367.06,777.54,-7894.10,-1092.72,-88.27,nan,844,274,276,153
368.14,777.54,-7894.00,-1092.71,-88.27,nan,868,275,285,152
369.22,777.54,-7894.70,-1092.73,-88.27,nan,847,271,285,143
370.30,777.54,-7894.60,-1092.73,-88.27,nan,844,277,282,105
371.38,777.54,-7894.20,-1092.72,-88.27,nan,847,266,225,139
372.46,777.49,-7894.20,-1092.72,-88.27,nan,845,265,287,142
373.54,777.49,-7894.40,-1092.73,-88.27,nan,851,273,289,145
374.61,777.49,-7894.10,-1092.72,-88.27,nan,846,281,281,146
375.70,777.49,-7894.40,-1092.73,-88.27,nan,846,277,288,154
376.78,777.44,-7894.20,-1092.71,-88.27,nan,844,260,224,145
377.86,777.44,-7894.00,-1092.72,-88.27,nan,845,271,284,153
378.94,777.44,-7894.30,-1092.73,-88.27,nan,849,275,288,152
380.02,777.44,-7894.70,-1092.74,-88.27,nan,844,274,292,156
381.10,777.49,-7894.40,-1092.73,-88.27,nan,866,263,277,146
382.17,777.49,-7894.50,-1092.73,-88.27,nan,855,272,293,147
383.25,777.49,-7894.40,-1092.73,-88.27,nan,851,270,222,97
384.33,777.49,-7894.30,-1092.74,-88.27,nan,868,278,291,146
385.41,777.49,-7894.50,-1092.73,-88.27,nan,851,272,277,145
386.49,777.49,-7894.50,-1092.74,-88.27,nan,855,266,290,155
387.57,777.49,-7894.50,-1092.73,-88.27,nan,852,276,294,154
388.64,777.44,-7894.20,-1092.72,-88.27,nan,847,269,281,148
389.72,777.49,-7894.50,-1092.73,-88.27,nan,845,271,284,152
390.80,777.44,-7894.30,-1092.72,-88.27,nan,864,277,282,154
391.88,777.44,-7894.50,-1092.73,-88.27,nan,850,275,288,153
392.96,777.44,-7894.20,-1092.72,-88.27,nan,846,261,285,149
394.04,777.44,-7894.00,-1092.72,-88.27,nan,850,259,284,155
395.12,777.44,-7894.70,-1092.75,-88.27,nan,846,261,280,152
396.19,777.39,-7894.60,-1092.75,-88.27,nan,844,273,282,154
397.27,777.39,-7894.80,-1092.75,-88.27,nan,846,258,221,142
398.35,777.39,-7894.50,-1092.73,-88.27,nan,846,259,281,143
399.43,777.29,-7894.60,-1092.74,-88.27,nan,844,275,284,155
400.51,777.24,-7895.20,-1092.77,-88.28,nan,845,270,224,146
401.58,777.29,-7894.90,-1092.75,-88.28,nan,847,271,280,152
402.66,777.29,-7894.70,-1092.76,-88.27,nan,864,263,275,149
403.74,777.29,-7894.90,-1092.75,-88.28,nan,846,276,277,143
404.82,777.24,-7894.40,-1092.75,-88.27,nan,844,273,283,151
405.90,777.24,-7894.80,-1092.75,-88.27,nan,845,267,281,151
406.98,777.29,-7894.50,-1092.76,-88.27,nan,849,271,280,151
408.05,777.34,-7894.70,-1092.77,-88.27,nan,845,272,290,143
409.13,777.39,-7894.70,-1092.77,-88.27,nan,867,273,277,150
410.21,777.44,-7894.70,-1092.75,-88.27,nan,866,276,290,153
411.29,777.49,-7894.50,-1092.74,-88.27,nan,844,274,224,136
412.37,777.54,-7894.70,-1092.75,-88.27,nan,852,278,276,150
413.45,777.59,-7894.60,-1092.75,-88.27,nan,847,264,290,144
414.53,777.64,-7894.60,-1092.74,-88.27,nan,864,279,287,143
415.60,777.69,-7894.60,-1092.73,-88.27,nan,846,280,293,151
416.68,777.69,-7894.10,-1092.72,-88.27,nan,847,266,292,143
417.76,777.74,-7894.40,-1092.73,-88.27,nan,844,276,294,156
418.84,777.79,-7894.20,-1092.72,-88.27,nan,847,268,289,152
419.92,777.79,-7894.50,-1092.73,-88.27,nan,843,270,289,153
420.99,777.84,-7894.00,-1092.72,-88.27,nan,865,266,276,151
422.07,777.89,-7894.70,-1092.73,-88.27,nan,851,269,281,145
423.15,777.89,-7894.70,-1092.73,-88.27,nan,847,268,294,152
424.23,777.84,-7894.30,-1092.71,-88.27,nan,847,269,286,154
425.31,777.84,-7894.50,-1092.72,-88.27,nan,843,270,292,153
426.39,777.84,-7893.90,-1092.71,-88.27,nan,848,270,289,143
427.46,777.84,-7894.20,-1092.72,-88.27,nan,844,276,295,146
428.54,777.84,-7894.30,-1092.71,-88.27,nan,865,265,279,148
429.62,777.84,-7893.90,-1092.71,-88.27,nan,847,274,297,149
430.70,777.79,-7894.20,-1092.71,-88.27,nan,843,271,282,154
431.78,777.74,-7894.10,-1092.71,-88.27,nan,845,272,290,152
432.86,777.79,-7893.60,-1092.70,-88.26,nan,843,271,288,152
433.94,777.79,-7893.60,-1092.70,-88.26,nan,847,264,276,151
435.01,777.74,-7894.10,-1092.71,-88.27,nan,851,274,289,151
436.09,777.79,-7894.60,-1092.73,-88.27,nan,844,274,292,156
437.17,777.84,-7893.90,-1092.72,-88.27,nan,867,267,279,148
438.25,777.89,-7894.20,-1092.72,-88.27,nan,843,262,287,146
439.33,777.89,-7893.90,-1092.71,-88.27,nan,846,276,291,148
440.42,777.95,-7894.40,-1092.71,-88.27,nan,853,266,284,144
441.51,778.00,-7894.10,-1092.71,-88.27,nan,852,263,278,154
442.58,778.05,-7894.20,-1092.71,-88.27,nan,864,280,294,106
443.66,778.05,-7893.80,-1092.70,-88.26,nan,846,262,290,153
444.74,778.10,-7893.90,-1092.69,-88.27,nan,846,280,291,151
445.82,778.15,-7893.70,-1092.69,-88.26,nan,851,274,291,145
446.90,778.20,-7893.40,-1092.68,-88.26,nan,846,276,290,158
447.97,778.20,-7893.70,-1092.68,-88.26,nan,845,284,299,145
449.05,778.25,-7893.90,-1092.68,-88.27,nan,845,267,283,146
450.13,778.30,-7893.50,-1092.67,-88.26,nan,846,264,227,143
451.21,778.25,-7893.50,-1092.66,-88.26,nan,846,280,294,155
452.29,778.25,-7893.20,-1092.64,-88.26,nan,846,274,226,145
453.37,778.20,-7893.40,-1092.65,-88.26,nan,849,279,285,156
454.45,778.20,-7892.80,-1092.64,-88.25,nan,845,271,284,152
455.52,778.25,-7892.80,-1092.62,-88.25,nan,846,277,289,145
456.60,778.30,-7893.20,-1092.64,-88.26,nan,865,260,274,151
457.68,778.30,-7892.90,-1092.62,-88.26,nan,846,275,282,153
458.76,778.35,-7892.40,-1092.60,-88.25,nan,844,276,292,153
459.84,778.40,-7892.40,-1092.59,-88.25,nan,856,276,294,153
460.92,778.40,-7892.00,-1092.56,-88.25,nan,845,270,291,144
461.99,778.40,-7892.20,-1092.58,-88.25,nan,863,270,290,154
463.07,778.40,-7891.70,-1092.55,-88.24,nan,845,263,278,142
464.15,778.45,-7891.70,-1092.55,-88.24,nan,852,277,277,148
465.23,778.50,-7891.30,-1092.53,-88.24,nan,864,263,280,151
466.31,778.50,-7891.30,-1092.53,-88.24,nan,846,272,277,149
467.38,778.50,-7891.50,-1092.52,-88.24,nan,867,264,224,143
468.46,778.55,-7891.60,-1092.54,-88.24,nan,848,279,278,153
469.54,778.55,-7891.30,-1092.53,-88.24,nan,847,266,223,136
470.62,778.55,-7891.30,-1092.53,-88.24,nan,851,270,290,144
471.70,778.50,-7891.60,-1092.53,-88.24,nan,849,273,286,153
472.78,778.50,-7891.30,-1092.52,-88.24,nan,845,271,288,143
473.86,778.50,-7891.70,-1092.52,-88.24,nan,850,280,299,149
474.93,778.50,-7891.10,-1092.51,-88.24,nan,867,270,292,154
476.01,778.50,-7891.20,-1092.51,-88.24,nan,845,271,278,149
477.09,778.50,-7891.20,-1092.50,-88.24,nan,846,274,292,106
478.17,778.45,-7891.20,-1092.50,-88.24,nan,845,265,281,151
479.25,778.45,-7891.10,-1092.49,-88.24,nan,846,274,289,147
480.33,778.40,-7891.10,-1092.49,-88.24,nan,850,270,295,150
481.40,778.45,-7891.00,-1092.48,-88.24,nan,853,268,294,154
482.48,778.45,-7890.90,-1092.49,-88.24,nan,843,275,284,156
483.56,778.50,-7890.60,-1092.47,-88.23,nan,844,283,291,148
484.64,778.55,-7890.60,-1092.47,-88.23,nan,845,265,284,152
485.72,778.60,-7890.90,-1092.47,-88.24,nan,846,275,286,153
486.79,778.60,-7890.60,-1092.47,-88.23,nan,844,274,227,138
487.87,778.65,-7890.20,-1092.45,-88.23,nan,846,273,285,148
488.95,778.60,-7890.50,-1092.45,-88.23,nan,849,269,284,153
490.03,778.55,-7890.70,-1092.47,-88.23,nan,864,286,299,149
491.11,778.55,-7890.70,-1092.47,-88.23,nan,850,265,281,147
492.19,778.60,-7890.50,-1092.47,-88.23,nan,843,238,247,145
493.27,778.65,-7890.00,-1092.43,-88.23,nan,846,299,303,157
494.34,778.65,-7890.60,-1092.45,-88.23,nan,845,266,288,152
495.42,778.65,-7890.40,-1092.45,-88.23,nan,852,306,302,159
496.50,778.65,-7890.10,-1092.43,-88.23,nan,842,256,283,150
497.58,778.65,-7890.00,-1092.43,-88.23,nan,849,267,272,154
498.66,778.65,-7890.40,-1092.43,-88.23,nan,867,279,295,145
499.74,778.71,-7890.80,-1092.47,-88.23,nan,866,288,308,157
500.81,778.71,-7890.50,-1092.45,-88.23,nan,843,262,217,141
501.89,778.71,-7890.40,-1092.45,-88.23,nan,850,274,290,145
502.97,778.71,-7890.20,-1092.45,-88.23,nan,846,251,280,152
504.05,778.65,-7890.00,-1092.43,-88.23,nan,851,264,282,106
505.14,778.71,-7890.10,-1092.43,-88.23,nan,854,281,292,107
506.22,778.65,-7890.10,-1092.44,-88.23,nan,863,265,278,149
507.30,778.65,-7889.70,-1092.41,-88.22,nan,844,275,285,151
508.37,778.60,-7889.80,-1092.42,-88.22,nan,867,263,285,148
509.45,778.65,-7890.00,-1092.43,-88.23,nan,863,273,279,145
510.53,778.86,-7890.20,-1092.43,-88.23,nan,864,276,292,144
511.61,778.91,-7890.10,-1092.43,-88.23,nan,853,261,284,151
512.69,778.91,-7889.80,-1092.41,-88.22,nan,845,275,286,105
513.77,778.91,-7890.10,-1092.41,-88.23,nan,846,261,279,148
514.85,778.96,-7889.80,-1092.42,-88.22,nan,846,276,292,153
515.92,779.01,-7889.90,-1092.41,-88.23,nan,842,275,279,144
517.00,779.06,-7889.30,-1092.38,-88.22,nan,846,251,267,146
518.08,779.21,-7889.50,-1092.40,-88.22,nan,843,261,276,150
519.16,779.26,-7889.80,-1092.39,-88.22,nan,846,263,274,154
520.24,779.31,-7889.50,-1092.38,-88.22,nan,852,278,290,155
521.31,779.36,-7889.20,-1092.37,-88.22,nan,844,275,288,153
522.39,779.36,-7888.70,-1092.34,-88.21,nan,851,265,273,144
523.47,779.36,-7889.10,-1092.36,-88.22,nan,843,267,279,145
524.55,779.36,-7889.20,-1092.38,-88.22,nan,853,288,305,153
525.63,779.42,-7889.40,-1092.37,-88.22,nan,851,267,281,144
526.71,779.47,-7888.90,-1092.34,-88.22,nan,845,266,289,149
527.78,779.47,-7888.80,-1092.34,-88.21,nan,867,268,294,142
528.86,779.52,-7888.40,-1092.32,-88.21,nan,845,266,222,97
529.94,779.52,-7889.20,-1092.34,-88.22,nan,850,261,281,147
531.02,779.57,-7889.00,-1092.34,-88.22,nan,846,265,285,151
532.10,779.57,-7888.70,-1092.32,-88.21,nan,865,255,272,148
533.18,779.57,-7888.80,-1092.32,-88.21,nan,846,264,296,155
534.26,779.62,-7888.40,-1092.30,-88.21,nan,844,274,224,144
535.33,779.62,-7888.60,-1092.30,-88.21,nan,866,277,282,155
536.41,779.62,-7888.50,-1092.30,-88.21,nan,844,270,226,95
537.49,779.67,-7888.20,-1092.30,-88.21,nan,851,271,279,146
538.57,779.67,-7887.90,-1092.28,-88.21,nan,846,278,282,151
539.65,779.67,-7888.30,-1092.28,-88.21,nan,865,269,279,146
540.72,779.67,-7887.80,-1092.26,-88.20,nan,843,265,282,155
541.80,779.67,-7887.70,-1092.25,-88.20,nan,850,282,293,145
542.88,779.72,-7887.80,-1092.24,-88.20,nan,851,272,289,152
543.96,779.82,-7887.80,-1092.24,-88.20,nan,846,273,286,152
545.04,779.87,-7887.30,-1092.23,-88.20,nan,845,269,286,153
546.12,779.92,-7887.30,-1092.22,-88.20,nan,850,290,299,147
547.20,780.02,-7887.00,-1092.21,-88.20,nan,867,259,280,141
548.27,780.13,-7886.80,-1092.19,-88.20,nan,846,267,273,150
549.35,780.13,-7886.80,-1092.18,-88.20,nan,846,271,276,155
550.43,780.18,-7886.40,-1092.15,-88.19,nan,866,263,280,103
551.51,780.18,-7886.40,-1092.15,-88.19,nan,845,260,283,143
552.59,780.23,-7886.60,-1092.15,-88.19,nan,848,271,283,146
553.67,780.28,-7885.80,-1092.11,-88.19,nan,843,272,294,152
554.74,780.28,-7885.80,-1092.11,-88.19,nan,843,271,278,152
555.82,780.28,-7885.60,-1092.09,-88.18,nan,846,275,283,144
556.90,780.33,-7885.70,-1092.09,-88.18,nan,841,270,224,148
557.98,780.33,-7884.90,-1092.06,-88.18,nan,846,274,287,151
559.06,780.33,-7885.00,-1092.06,-88.18,nan,846,261,284,152
560.13,780.28,-7885.30,-1092.05,-88.18,nan,845,272,289,145
561.22,780.33,-7884.80,-1092.02,-88.18,nan,851,266,277,142
562.29,780.33,-7885.00,-1092.03,-88.18,nan,845,274,294,155
563.37,780.33,-7884.50,-1092.02,-88.17,nan,842,254,270,153
564.45,780.33,-7884.40,-1092.01,-88.17,nan,843,269,284,156
565.53,780.38,-7884.20,-1092.00,-88.17,nan,848,272,288,154
566.60,780.38,-7884.30,-1092.00,-88.17,nan,843,263,277,147
567.68,780.38,-7883.60,-1091.96,-88.16,nan,845,271,287,144
568.76,780.33,-7883.90,-1091.96,-88.17,nan,845,263,275,145
569.85,780.28,-7883.40,-1091.94,-88.16,nan,851,270,222,144
570.93,780.23,-7883.70,-1091.94,-88.16,nan,854,278,221,143
572.01,780.28,-7883.30,-1091.93,-88.16,nan,845,264,288,152
573.09,780.28,-7883.20,-1091.92,-88.16,nan,843,267,285,144
574.17,780.28,-7883.10,-1091.90,-88.16,nan,846,260,291,151
575.24,780.28,-7883.00,-1091.88,-88.16,nan,865,274,289,149
576.32,780.28,-7882.90,-1091.88,-88.16,nan,845,274,226,147
577.40,780.33,-7882.50,-1091.86,-88.15,nan,846,275,288,105
578.48,780.33,-7882.10,-1091.83,-88.15,nan,844,275,284,152
579.65,780.38,-7882.00,-1091.83,-88.15,nan,846,273,286,142
580.89,780.43,-7882.00,-1091.81,-88.15,nan,845,272,292,157
582.09,780.43,-7881.80,-1091.79,-88.15,nan,850,274,292,153
583.17,780.43,-7881.30,-1091.77,-88.14,nan,844,262,224,144
584.25,780.43,-7881.20,-1091.77,-88.14,nan,845,267,282,152
585.33,780.43,-7881.00,-1091.73,-88.14,nan,845,266,291,143
586.41,780.43,-7880.80,-1091.73,-88.14,nan,847,270,280,149
587.48,780.43,-7880.40,-1091.72,-88.13,nan,843,260,290,152
588.56,780.43,-7880.50,-1091.71,-88.13,nan,843,266,277,146
589.75,780.43,-7880.00,-1091.68,-88.13,nan,845,268,285,147
590.85,780.43,-7879.90,-1091.68,-88.13,nan,845,270,277,152
591.93,780.43,-7879.70,-1091.66,-88.12,nan,867,272,276,151
593.01,780.43,-7879.40,-1091.64,-88.12,nan,847,268,292,153
594.09,780.43,-7879.40,-1091.62,-88.12,nan,847,264,289,150
595.17,780.43,-7879.20,-1091.62,-88.12,nan,846,275,288,153
596.25,780.43,-7878.60,-1091.58,-88.11,nan,845,269,284,154
597.33,780.48,-7878.50,-1091.57,-88.11,nan,843,268,292,153
598.41,780.48,-7878.10,-1091.54,-88.11,nan,843,270,293,150
599.49,780.48,-7878.10,-1091.55,-88.11,nan,845,265,281,148
600.57,780.48,-7877.80,-1091.51,-88.11,nan,846,273,288,152
601.65,780.48,-7877.50,-1091.49,-88.10,nan,846,275,277,147
602.73,780.48,-7877.20,-1091.47,-88.10,nan,847,267,283,148
603.81,780.48,-7877.30,-1091.47,-88.10,nan,846,293,304,161
604.89,780.48,-7876.80,-1091.43,-88.10,nan,867,270,275,142
605.97,780.48,-7876.50,-1091.42,-88.09,nan,846,278,290,143
607.05,780.48,-7876.30,-1091.40,-88.09,nan,848,281,284,154
608.13,780.43,-7875.90,-1091.38,-88.09,nan,846,277,290,154
609.21,780.43,-7876.20,-1091.38,-88.09,nan,844,272,294,153
610.29,780.48,-7875.40,-1091.34,-88.08,nan,843,270,289,149
611.37,780.53,-7875.50,-1091.34,-88.08,nan,843,269,284,152
612.45,780.58,-7875.10,-1091.30,-88.08,nan,843,265,280,150
613.53,780.63,-7875.20,-1091.30,-88.08,nan,864,276,291,145
614.61,780.58,-7874.40,-1091.26,-88.07,nan,843,263,280,154
615.69,780.58,-7873.90,-1091.24,-88.07,nan,843,270,288,157
616.78,780.58,-7874.40,-1091.26,-88.07,nan,844,272,288,151
617.86,780.58,-7874.00,-1091.23,-88.07,nan,851,270,290,154
618.94,780.58,-7873.60,-1091.21,-88.06,nan,845,265,287,145
620.02,780.58,-7873.10,-1091.19,-88.06,nan,864,272,291,151
621.10,780.58,-7873.40,-1091.19,-88.06,nan,844,274,289,151
622.18,780.58,-7872.90,-1091.17,-88.06,nan,844,275,281,150
623.26,780.53,-7872.70,-1091.16,-88.06,nan,843,263,278,150
624.34,780.48,-7872.90,-1091.15,-88.06,nan,843,272,231,142
625.42,780.48,-7872.30,-1091.12,-88.05,nan,868,274,275,145
626.50,780.38,-7872.50,-1091.13,-88.05,nan,854,277,289,145
627.58,780.38,-7872.40,-1091.11,-88.05,nan,843,266,286,153
628.66,780.33,-7871.90,-1091.10,-88.05,nan,851,268,292,156
629.74,780.28,-7872.30,-1091.10,-88.05,nan,844,274,291,150
630.82,780.18,-7871.80,-1091.08,-88.05,nan,846,258,286,104
631.90,780.13,-7872.40,-1091.09,-88.05,nan,846,274,290,154
632.98,780.13,-7871.70,-1091.08,-88.05,nan,851,295,312,161
634.06,780.07,-7871.60,-1091.06,-88.04,nan,845,272,226,144
635.16,780.07,-7871.30,-1091.04,-88.04,nan,865,274,294,154
636.23,780.07,-7871.40,-1091.04,-88.04,nan,845,262,286,153
637.32,780.07,-7871.20,-1091.02,-88.04,nan,865,274,289,143
638.40,780.07,-7871.00,-1091.02,-88.04,nan,844,265,279,144
639.47,780.13,-7871.00,-1091.00,-88.04,nan,845,264,222,144
640.55,780.23,-7870.50,-1090.98,-88.03,nan,847,278,290,104
641.64,780.23,-7870.30,-1090.97,-88.03,nan,846,260,274,141
642.72,780.28,-7870.20,-1090.94,-88.03,nan,850,271,275,143
643.79,780.28,-7869.80,-1090.93,-88.03,nan,846,263,270,151
644.88,780.28,-7870.00,-1090.92,-88.03,nan,842,259,280,150
645.96,780.28,-7869.50,-1090.91,-88.02,nan,842,265,276,152
647.04,780.28,-7869.50,-1090.90,-88.02,nan,842,265,287,144
648.12,780.33,-7869.20,-1090.87,-88.02,nan,843,265,279,146
649.20,780.33,-7868.60,-1090.85,-88.01,nan,848,279,281,148
650.28,780.33,-7868.80,-1090.85,-88.02,nan,848,260,277,151
651.36,780.38,-7868.40,-1090.83,-88.01,nan,867,263,281,150
652.44,780.43,-7868.20,-1090.81,-88.01,nan,863,267,288,151
653.52,780.38,-7868.30,-1090.81,-88.01,nan,843,268,225,139
654.60,780.38,-7868.00,-1090.79,-88.01,nan,842,256,285,145
655.68,780.38,-7867.50,-1090.77,-88.00,nan,842,269,290,152
656.76,780.33,-7867.60,-1090.76,-88.00,nan,844,273,282,153
657.84,780.33,-7867.20,-1090.74,-88.00,nan,863,261,281,150
658.92,780.28,-7867.10,-1090.72,-88.00,nan,843,256,284,157
660.00,780.23,-7867.00,-1090.72,-88.00,nan,864,275,285,147
661.08,780.23,-7866.50,-1090.68,-87.99,nan,850,279,286,152
662.16,780.23,-7866.90,-1090.70,-88.00,nan,866,276,290,155
664.00,780.18,-7866.40,-1090.68,-87.99,nan,845,267,284,142
665.08,780.13,-7866.20,-1090.67,-87.99,nan,844,266,290,152
666.16,780.13,-7866.20,-1090.66,-87.99,nan,843,268,290,155
667.24,780.07,-7866.00,-1090.64,-87.99,nan,843,262,287,146
668.32,780.07,-7865.90,-1090.64,-87.99,nan,851,272,291,143
669.40,780.02,-7865.70,-1090.62,-87.99,nan,843,271,285,149
670.48,780.02,-7865.80,-1090.62,-87.99,nan,843,271,282,151
671.56,780.02,-7865.10,-1090.59,-87.98,nan,844,283,288,140
672.64,780.02,-7865.50,-1090.61,-87.98,nan,854,260,286,154
673.72,779.92,-7865.00,-1090.59,-87.98,nan,848,270,287,147
674.80,779.92,-7864.90,-1090.57,-87.98,nan,843,267,279,148
676.76,779.92,-7865.20,-1090.57,-87.98,nan,852,268,271,149
677.84,779.92,-7864.90,-1090.57,-87.98,nan,858,260,287,149
678.92,779.92,-7864.90,-1090.55,-87.98,nan,846,277,283,143
680.00,779.92,-7864.60,-1090.53,-87.98,nan,846,270,273,143
681.08,779.87,-7864.80,-1090.55,-87.98,nan,865,268,289,152
682.16,779.87,-7864.60,-1090.53,-87.98,nan,851,272,290,153
683.24,779.87,-7864.50,-1090.53,-87.97,nan,851,267,285,144
684.33,779.82,-7864.50,-1090.53,-87.97,nan,843,267,286,154
685.41,779.82,-7864.20,-1090.52,-87.97,nan,842,276,290,153
686.48,779.77,-7864.50,-1090.51,-87.97,nan,843,271,287,145
687.57,779.67,-7864.40,-1090.51,-87.97,nan,863,269,288,154
688.65,779.67,-7864.20,-1090.49,-87.97,nan,843,264,292,153
689.72,779.57,-7863.80,-1090.48,-87.97,nan,843,261,277,149
690.80,779.57,-7863.80,-1090.48,-87.97,nan,842,260,287,149
691.89,779.57,-7863.90,-1090.47,-87.97,nan,845,266,291,147
692.97,779.57,-7863.90,-1090.47,-87.97,nan,850,265,281,149
694.05,779.62,-7863.50,-1090.45,-87.96,nan,843,270,275,148
695.13,779.62,-7863.30,-1090.44,-87.96,nan,851,266,224,144
696.21,779.57,-7863.30,-1090.44,-87.96,nan,850,266,288,155
697.29,779.57,-7863.30,-1090.43,-87.96,nan,848,283,282,151
698.37,779.57,-7862.90,-1090.42,-87.96,nan,845,272,288,154
699.45,779.62,-7862.80,-1090.40,-87.96,nan,844,278,294,155
700.53,779.67,-7862.70,-1090.40,-87.96,nan,850,276,294,153
701.62,779.67,-7862.90,-1090.38,-87.96,nan,847,271,288,155
702.70,779.72,-7862.90,-1090.40,-87.96,nan,847,264,291,148
703.78,779.72,-7862.50,-1090.38,-87.95,nan,851,272,288,143
704.86,779.72,-7862.40,-1090.36,-87.95,nan,863,265,283,149
705.94,779.72,-7862.30,-1090.36,-87.95,nan,842,274,278,150
707.02,779.67,-7861.90,-1090.35,-87.95,nan,845,269,279,143
708.10,779.67,-7861.70,-1090.34,-87.95,nan,866,275,280,155
709.18,779.67,-7861.50,-1090.31,-87.94,nan,853,274,276,154
711.03,779.77,-7861.10,-1090.29,-87.94,nan,842,259,284,142
712.11,779.77,-7860.50,-1090.23,-87.93,nan,843,262,292,155
713.19,780.07,-7860.40,-1090.19,-87.93,nan,845,275,283,149
714.27,780.18,-7858.20,-1090.06,-87.91,nan,843,262,226,144
715.35,780.28,-7857.20,-1089.98,-87.90,nan,843,268,290,151
716.43,780.63,-7856.50,-1089.94,-87.89,nan,845,267,281,149
717.51,780.78,-7855.70,-1089.89,-87.89,nan,865,270,290,154
718.59,780.84,-7855.40,-1089.87,-87.88,nan,846,274,223,141
719.67,780.84,-7855.30,-1089.86,-87.88,nan,845,270,223,139
720.75,780.89,-7855.10,-1089.84,-87.88,nan,849,262,223,145
722.93,780.89,-7855.20,-1089.82,-87.88,nan,852,265,274,152
724.01,780.78,-7855.10,-1089.82,-87.88,nan,852,280,292,155
725.09,780.73,-7854.90,-1089.82,-87.88,nan,846,274,279,144
726.17,780.73,-7854.70,-1089.81,-87.88,nan,844,278,226,145
727.25,780.73,-7854.50,-1089.79,-87.87,nan,845,281,300,160
728.33,780.73,-7854.20,-1089.78,-87.87,nan,847,267,280,102
729.41,780.68,-7853.90,-1089.76,-87.87,nan,846,278,278,152
730.49,780.78,-7853.70,-1089.76,-87.87,nan,841,271,289,144
731.57,780.89,-7853.80,-1089.76,-87.87,nan,863,260,280,150
732.65,780.99,-7853.90,-1089.76,-87.87,nan,845,279,291,152
733.73,781.04,-7853.40,-1089.74,-87.86,nan,863,267,280,151
734.81,781.04,-7854.00,-1089.77,-87.87,nan,862,256,272,148
735.89,781.04,-7853.50,-1089.74,-87.87,nan,864,275,276,149
736.97,781.09,-7853.50,-1089.74,-87.87,nan,844,259,279,150
738.05,781.14,-7853.10,-1089.72,-87.86,nan,842,268,289,149
739.13,781.19,-7853.20,-1089.72,-87.86,nan,850,278,291,147
740.21,781.19,-7852.80,-1089.71,-87.86,nan,866,270,221,140
741.29,781.24,-7853.10,-1089.72,-87.86,nan,844,284,297,149
742.37,781.24,-7852.90,-1089.71,-87.86,nan,846,271,274,103
743.45,781.24,-7853.40,-1089.72,-87.86,nan,852,271,275,148
744.53,781.29,-7853.20,-1089.72,-87.86,nan,863,262,273,148
745.61,781.24,-7853.60,-1089.74,-87.87,nan,843,272,294,156
746.69,781.24,-7852.90,-1089.71,-87.86,nan,843,268,290,143
747.77,781.24,-7852.80,-1089.68,-87.86,nan,844,239,247,147
748.85,781.19,-7852.60,-1089.68,-87.86,nan,848,281,280,153
749.94,781.19,-7853.10,-1089.70,-87.86,nan,866,270,294,151
751.02,781.19,-7852.40,-1089.68,-87.85,nan,845,271,287,144
752.10,781.24,-7852.70,-1089.69,-87.86,nan,846,263,274,104
753.18,781.29,-7852.80,-1089.68,-87.86,nan,845,260,282,143
754.26,781.39,-7853.00,-1089.68,-87.86,nan,845,263,274,153
755.34,781.39,-7852.80,-1089.68,-87.86,nan,851,272,296,153
756.42,781.39,-7852.50,-1089.67,-87.86,nan,851,276,291,150
757.50,781.50,-7852.70,-1089.66,-87.86,nan,842,275,286,142
758.58,781.55,-7852.40,-1089.66,-87.85,nan,846,263,281,145
759.66,781.60,-7852.60,-1089.67,-87.86,nan,861,271,284,153
760.74,781.55,-7852.70,-1089.66,-87.86,nan,853,273,289,151
761.82,781.50,-7852.70,-1089.66,-87.86,nan,843,263,276,151
762.90,781.50,-7852.30,-1089.64,-87.85,nan,844,264,225,137
763.98,781.55,-7852.30,-1089.64,-87.85,nan,844,267,279,148
765.06,781.65,-7852.30,-1089.65,-87.85,nan,848,282,298,153
766.14,781.70,-7852.50,-1089.64,-87.86,nan,865,268,294,154
767.22,781.75,-7852.40,-1089.64,-87.85,nan,852,274,225,141
768.31,781.80,-7852.20,-1089.63,-87.85,nan,844,264,288,152
769.39,781.85,-7851.70,-1089.63,-87.85,nan,844,267,289,145
770.47,781.85,-7852.20,-1089.63,-87.85,nan,866,276,292,153
771.55,781.85,-7852.10,-1089.63,-87.85,nan,844,262,217,139
772.63,781.85,-7852.10,-1089.63,-87.85,nan,843,267,281,148
773.71,781.90,-7851.80,-1089.61,-87.85,nan,843,273,289,152
774.79,781.90,-7852.10,-1089.63,-87.85,nan,842,283,297,149
775.87,781.90,-7851.80,-1089.61,-87.85,nan,845,259,275,142
776.96,781.90,-7852.30,-1089.62,-87.85,nan,865,263,285,145
778.04,782.00,-7851.40,-1089.59,-87.84,nan,850,253,270,153
779.12,782.00,-7851.60,-1089.59,-87.85,nan,843,260,292,157
780.20,782.10,-7851.90,-1089.59,-87.85,nan,842,272,294,155
781.28,782.10,-7851.20,-1089.57,-87.84,nan,842,276,297,148
782.36,782.15,-7851.50,-1089.59,-87.85,nan,843,258,282,154
783.44,782.21,-7851.40,-1089.57,-87.84,nan,842,283,295,145
784.52,782.21,-7851.30,-1089.57,-87.84,nan,842,271,282,103
785.60,782.26,-7851.00,-1089.55,-87.84,nan,843,262,292,155
786.68,782.26,-7851.10,-1089.56,-87.84,nan,846,279,283,142
787.76,782.31,-7851.10,-1089.55,-87.84,nan,842,277,284,155
788.84,782.31,-7851.00,-1089.55,-87.84,nan,843,262,276,152
789.92,782.31,-7850.80,-1089.55,-87.84,nan,842,261,281,148
791.00,782.36,-7850.80,-1089.54,-87.84,nan,862,268,296,155
792.08,782.41,-7851.30,-1089.55,-87.84,nan,843,260,280,156
793.16,782.46,-7851.10,-1089.55,-87.84,nan,846,263,270,152
794.24,782.51,-7850.90,-1089.53,-87.84,nan,842,260,275,145
795.32,782.56,-7850.90,-1089.54,-87.84,nan,863,266,291,148
796.40,782.61,-7851.00,-1089.53,-87.84,nan,843,268,290,154
797.48,782.61,-7850.80,-1089.53,-87.84,nan,851,270,287,151
798.56,782.66,-7850.40,-1089.52,-87.83,nan,851,280,298,105
799.64,782.71,-7850.40,-1089.51,-87.83,nan,863,260,288,144
800.72,782.71,-7850.40,-1089.51,-87.83,nan,864,280,294,156
801.80,782.71,-7850.30,-1089.52,-87.83,nan,851,264,287,142
802.88,782.76,-7850.30,-1089.50,-87.83,nan,846,285,290,152
803.96,782.76,-7850.60,-1089.51,-87.84,nan,844,271,276,140
805.05,782.87,-7850.30,-1089.50,-87.83,nan,844,260,288,154
806.13,782.97,-7850.20,-1089.49,-87.83,nan,846,278,297,150
807.21,783.12,-7850.40,-1089.49,-87.83,nan,847,262,285,152
808.29,783.27,-7850.20,-1089.48,-87.83,nan,849,271,278,139
809.37,783.53,-7850.10,-1089.48,-87.83,nan,845,275,278,153
810.45,783.73,-7850.10,-1089.48,-87.83,nan,843,263,277,150
811.53,783.93,-7850.10,-1089.47,-87.83,nan,842,258,274,151
812.61,783.83,-7850.10,-1089.48,-87.83,nan,841,275,283,150
813.69,783.78,-7850.00,-1089.45,-87.83,nan,852,281,288,154
814.76,783.78,-7849.80,-1089.46,-87.83,nan,845,269,287,149
815.84,783.78,-7849.70,-1089.46,-87.83,nan,845,263,274,141
816.92,783.78,-7850.00,-1089.45,-87.83,nan,866,272,287,146
818.00,783.78,-7849.80,-1089.46,-87.83,nan,847,261,283,147
819.08,783.78,-7849.50,-1089.44,-87.83,nan,845,271,282,153
820.16,783.73,-7849.20,-1089.42,-87.82,nan,847,270,292,152
821.24,783.73,-7849.40,-1089.44,-87.82,nan,844,268,284,152
822.32,783.63,-7849.30,-1089.42,-87.82,nan,845,254,277,148
823.41,783.58,-7849.40,-1089.42,-87.82,nan,865,260,283,152
824.49,783.47,-7849.60,-1089.42,-87.83,nan,845,257,279,147
825.57,783.47,-7849.30,-1089.42,-87.82,nan,842,271,275,151
826.65,783.42,-7849.10,-1089.40,-87.82,nan,843,264,291,143
827.73,783.32,-7848.90,-1089.40,-87.82,nan,842,260,276,150
828.81,783.32,-7849.10,-1089.40,-87.82,nan,843,268,293,144
829.89,783.27,-7848.60,-1089.39,-87.82,nan,843,261,283,150
830.97,783.27,-7848.70,-1089.39,-87.82,nan,843,269,285,151
832.05,783.17,-7848.70,-1089.38,-87.82,nan,843,262,291,148
833.13,783.17,-7848.00,-1089.37,-87.81,nan,845,276,294,153
834.22,783.17,-7848.60,-1089.36,-87.82,nan,850,279,284,151
835.30,783.22,-7848.70,-1089.37,-87.82,nan,844,270,289,152
836.38,783.22,-7848.80,-1089.36,-87.82,nan,862,276,289,154
837.46,783.22,-7848.70,-1089.36,-87.82,nan,842,261,284,153
838.54,783.22,-7848.40,-1089.36,-87.81,nan,842,277,287,149
839.62,783.27,-7848.50,-1089.36,-87.82,nan,862,275,282,152
840.70,783.27,-7848.10,-1089.33,-87.81,nan,845,271,283,142
841.78,783.12,-7848.10,-1089.33,-87.81,nan,845,256,282,140
843.62,783.12,-7847.90,-1089.32,-87.81,nan,845,269,280,153
844.70,783.02,-7847.90,-1089.31,-87.81,nan,848,265,267,144
846.57,782.97,-7847.90,-1089.30,-87.81,nan,844,274,276,103
847.65,782.92,-7847.90,-1089.31,-87.81,nan,841,264,285,144
848.73,782.87,-7847.50,-1089.29,-87.81,nan,849,276,287,143
849.81,782.87,-7847.40,-1089.27,-87.80,nan,842,275,290,155
850.89,782.81,-7847.30,-1089.27,-87.80,nan,846,264,287,149
851.97,782.87,-7847.40,-1089.29,-87.80,nan,854,282,283,148
853.05,782.87,-7846.70,-1089.24,-87.80,nan,846,279,287,149
854.13,782.87,-7847.10,-1089.25,-87.80,nan,863,266,220,145
855.21,782.92,-7846.90,-1089.23,-87.80,nan,848,266,287,147
856.29,782.92,-7846.50,-1089.21,-87.80,nan,843,264,287,143
857.37,782.97,-7846.30,-1089.20,-87.79,nan,866,283,286,101
858.45,782.97,-7846.00,-1089.18,-87.79,nan,851,279,287,145
859.53,783.02,-7845.80,-1089.15,-87.79,nan,841,261,279,148
860.61,783.07,-7845.60,-1089.14,-87.79,nan,862,257,276,153
861.70,783.07,-7845.20,-1089.12,-87.78,nan,862,277,278,103
862.78,783.07,-7844.80,-1089.08,-87.78,nan,843,266,289,147
863.86,783.12,-7844.50,-1089.06,-87.78,nan,851,270,292,152
864.94,783.12,-7844.30,-1089.04,-87.77,nan,844,258,289,145
866.02,783.02,-7844.20,-1089.02,-87.77,nan,849,264,275,149
867.10,782.97,-7843.40,-1088.99,-87.76,nan,841,274,281,143
868.18,783.02,-7843.50,-1088.99,-87.77,nan,848,268,288,154
869.26,782.97,-7837.50,-1088.68,-87.71,nan,842,197,152,104
870.34,783.02,-7835.80,-1088.59,-87.69,nan,843,281,144,138
871.42,782.97,-7836.20,-1088.61,-87.69,nan,844,359,379,195
872.50,782.97,-7836.50,-1088.61,-87.70,nan,842,184,211,147
873.58,782.92,-7835.90,-1088.59,-87.69,nan,841,301,310,161
874.66,782.81,-7837.10,-1088.65,-87.70,nan,841,330,344,152
875.74,782.81,-7837.70,-1088.66,-87.71,nan,850,241,267,147
876.82,782.81,-7837.30,-1088.65,-87.70,nan,844,340,278,148
877.90,782.66,-7833.40,-1088.44,-87.67,nan,845,193,170,161
879.74,782.56,-7838.40,-1088.71,-87.72,nan,848,492,416,157
880.83,782.51,-7838.50,-1088.70,-87.72,nan,845,275,292,153
881.99,782.41,-7838.10,-1088.69,-87.71,nan,842,287,296,154
883.15,782.31,-7840.90,-1088.80,-87.74,nan,844,319,326,168
884.31,782.26,-7835.50,-1088.55,-87.69,nan,864,410,420,214
885.45,782.21,-7840.80,-1088.82,-87.74,nan,861,376,273,251
886.53,782.15,-7840.70,-1088.82,-87.74,nan,849,506,513,249
887.61,782.15,-7840.90,-1088.82,-87.74,nan,842,235,217,126
888.69,782.10,-7841.60,-1088.86,-87.75,nan,847,248,276,151
889.77,782.10,-7841.50,-1088.86,-87.75,nan,852,226,261,148
890.85,782.05,-7842.10,-1088.87,-87.75,nan,848,341,336,181
891.93,782.05,-7842.30,-1088.89,-87.75,nan,852,187,212,138
893.01,782.10,-7840.20,-1088.78,-87.73,nan,844,186,142,107
894.09,782.15,-7840.70,-1088.80,-87.74,nan,851,362,444,342
895.17,782.15,-7841.50,-1088.85,-87.75,nan,845,176,261,146
896.25,782.15,-7840.50,-1088.80,-87.74,nan,845,420,543,857
897.33,782.10,-7839.90,-1088.77,-87.73,nan,843,375,348,157
898.41,782.10,-7840.40,-1088.78,-87.74,nan,845,428,388,167
899.50,782.05,-7839.10,-1088.72,-87.72,nan,844,823,760,809
900.58,782.00,-7841.40,-1088.82,-87.75,nan,845,727,339,224
901.66,782.00,-7841.70,-1088.84,-87.75,nan,842,741,534,161
902.75,781.95,-7841.30,-1088.82,-87.74,nan,840,246,176,142
903.83,781.90,-7840.60,-1088.78,-87.74,nan,842,711,803,793
904.91,781.90,-7837.90,-1088.63,-87.71,nan,850,575,472,444
905.99,781.85,-7840.70,-1088.78,-87.74,nan,863,672,586,307
907.07,781.90,-7840.30,-1088.76,-87.73,nan,841,733,649,389
908.15,781.90,-7840.50,-1088.76,-87.74,nan,844,374,314,140
909.23,781.95,-7840.40,-1088.75,-87.74,nan,845,214,235,141
910.31,781.95,-7840.10,-1088.74,-87.73,nan,785,589,571,168
911.39,782.00,-7839.90,-1088.73,-87.73,nan,842,249,143,94
912.47,782.00,-7840.10,-1088.73,-87.73,nan,864,207,19,0
913.55,782.05,-7839.80,-1088.71,-87.73,nan,844,289,267,104
914.63,782.05,-7840.00,-1088.71,-87.73,nan,865,267,287,183
915.71,ovf,-7839.60,-1088.69,-87.73,nan,850,263,282,59
916.79,ovf,-7839.20,-1088.66,-87.72,nan,851,260,289,128
917.87,782.15,-7839.00,-1088.65,-87.72,nan,844,282,274,39
918.95,782.21,-7839.00,-1088.65,-87.72,nan,850,267,259,143
920.03,782.21,-7839.00,-1088.65,-87.72,nan,866,276,270,246
921.11,782.26,-7838.50,-1088.61,-87.72,nan,843,311,402,520
922.19,782.26,-7838.20,-1088.59,-87.71,nan,843,374,357,154
923.27,782.26,-7838.20,-1088.59,-87.71,nan,844,142,19,36
